0
23
26
56
125
131
132
133
134
135
136
137
138
139
140
141
142
143
144
145
146
147
148
149
150
151
152
153
154
155
156
157
158
159
160
161
162
163
164
165
166
167
168
169
170
171
172
173
174
175
176
177
178
179
180
181
182
183
184
185
186
187
188
189
190
191
192
193
194
195
196
197
198
199
200
201
202
203
204
205
206
207
208
209
210
211
212
213
214
215
216
217
218
219
220
221
222
223
224
225
226
227
228
229
230
231
232
233
234
235
236
237
238
239
240
241
244
245
246
247
248
249
250
251
252
253
254
255
292
293
294
295
296
297
298
299
300
301
302
303
311
312
313
314
315
316
317
318
319
324
325
326
327
328
329
330
331
332
333
334
335
336
340
341
342
343
349
350
351
392
397
400
401
402
403
404
408
409
410
411
412
417
457
468
469
470
476
477
478
504
512
520
529
530
531
532
533
534
535
537
538
539
540
541
595
596
597
598
599
604
605
606
607
614
656
657
658
661
662
663
664
665
666
719
720
721
726
727
728
735
768
776
777
782
783
784
785
786
787
791
792
793
794
795
799
807
815
823
831
839
847
851
852
853
854
886
915
916
917
918
946
947
965
966
967
973
974
975
1016
1024
1047
1050
1080
1149
1155
1156
1157
1158
1159
1160
1161
1162
1163
1164
1165
1166
1167
1168
1169
1170
1171
1172
1173
1174
1175
1176
1177
1178
1179
1180
1181
1182
1183
1184
1185
1186
1187
1188
1189
1190
1191
1192
1193
1194
1195
1196
1197
1198
1199
1200
1201
1202
1203
1204
1205
1206
1207
1208
1209
1210
1211
1212
1213
1214
1215
1216
1217
1218
1219
1220
1221
1222
1223
1224
1225
1226
1227
1228
1229
1230
1231
1232
1233
1234
1235
1236
1237
1238
1239
1240
1241
1242
1243
1244
1245
1246
1247
1248
1249
1250
1251
1252
1253
1254
1255
1256
1257
1258
1259
1260
1261
1262
1263
1264
1265
1268
1269
1270
1271
1272
1273
1274
1275
1276
1277
1278
1279
1316
1317
1318
1319
1320
1321
1322
1323
1324
1325
1326
1327
1335
1336
1337
1338
1339
1340
1341
1342
1343
1348
1349
1350
1351
1352
1353
1354
1355
1356
1357
1358
1359
1360
1364
1365
1366
1367
1373
1374
1375
1416
1421
1424
1425
1426
1427
1428
1432
1433
1434
1435
1436
1441
1481
1492
1493
1494
1500
1501
1502
1528
1536
1544
1553
1554
1555
1556
1557
1558
1559
1561
1562
1563
1564
1565
1619
1620
1621
1622
1623
1628
1629
1630
1631
1638
1680
1681
1682
1685
1686
1687
1688
1689
1690
1743
1744
1745
1750
1751
1752
1759
1792
1800
1801
1806
1807
1808
1809
1810
1811
1815
1816
1817
1818
1819
1823
1831
1839
1847
1855
1863
1871
1875
1876
1877
1878
1910
1939
1940
1941
1942
1970
1971
1989
1990
1991
1997
1998
1999
2040
2048
2071
2074
2104
2173
2179
2180
2181
2182
2183
2184
2185
2186
2187
2188
2189
2190
2191
2192
2193
2194
2195
2196
2197
2198
2199
2200
2201
2202
2203
2204
2205
2206
2207
2208
2209
2210
2211
2212
2213
2214
2215
2216
2217
2218
2219
2220
2221
2222
2223
2224
2225
2226
2227
2228
2229
2230
2231
2232
2233
2234
2235
2236
2237
2238
2239
2240
2241
2242
2243
2244
2245
2246
2247
2248
2249
2250
2251
2252
2253
2254
2255
2256
2257
2258
2259
2260
2261
2262
2263
2264
2265
2266
2267
2268
2269
2270
2271
2272
2273
2274
2275
2276
2277
2278
2279
2280
2281
2282
2283
2284
2285
2286
2287
2288
2289
2292
2293
2294
2295
2296
2297
2298
2299
2300
2301
2302
2303
2340
2341
2342
2343
2344
2345
2346
2347
2348
2349
2350
2351
2359
2360
2361
2362
2363
2364
2365
2366
2367
2372
2373
2374
2375
2376
2377
2378
2379
2380
2381
2382
2383
2384
2388
2389
2390
2391
2397
2398
2399
2440
2445
2448
2449
2450
2451
2452
2456
2457
2458
2459
2460
2465
2505
2516
2517
2518
2524
2525
2526
2552
2560
2568
2577
2578
2579
2580
2581
2582
2583
2585
2586
2587
2588
2589
2643
2644
2645
2646
2647
2652
2653
2654
2655
2662
2704
2705
2706
2709
2710
2711
2712
2713
2714
2767
2768
2769
2774
2775
2776
2783
2816
2824
2825
2830
2831
2832
2833
2834
2835
2839
2840
2841
2842
2843
2847
2855
2863
2871
2879
2887
2895
2899
2900
2901
2902
2934
2963
2964
2965
2966
2994
2995
3013
3014
3015
3021
3022
3023
3064
3072
3095
3098
3128
3197
3203
3204
3205
3206
3207
3208
3209
3210
3211
3212
3213
3214
3215
3216
3217
3218
3219
3220
3221
3222
3223
3224
3225
3226
3227
3228
3229
3230
3231
3232
3233
3234
3235
3236
3237
3238
3239
3240
3241
3242
3243
3244
3245
3246
3247
3248
3249
3250
3251
3252
3253
3254
3255
3256
3257
3258
3259
3260
3261
3262
3263
3264
3265
3266
3267
3268
3269
3270
3271
3272
3273
3274
3275
3276
3277
3278
3279
3280
3281
3282
3283
3284
3285
3286
3287
3288
3289
3290
3291
3292
3293
3294
3295
3296
3297
3298
3299
3300
3301
3302
3303
3304
3305
3306
3307
3308
3309
3310
3311
3312
3313
3316
3317
3318
3319
3320
3321
3322
3323
3324
3325
3326
3327
3364
3365
3366
3367
3368
3369
3370
3371
3372
3373
3374
3375
3383
3384
3385
3386
3387
3388
3389
3390
3391
3396
3397
3398
3399
3400
3401
3402
3403
3404
3405
3406
3407
3408
3412
3413
3414
3415
3421
3422
3423
3464
3469
3472
3473
3474
3475
3476
3480
3481
3482
3483
3484
3489
3529
3540
3541
3542
3548
3549
3550
3576
3584
3592
3601
3602
3603
3604
3605
3606
3607
3609
3610
3611
3612
3613
3667
3668
3669
3670
3671
3676
3677
3678
3679
3686
3728
3729
3730
3733
3734
3735
3736
3737
3738
3791
3792
3793
3798
3799
3800
3807
3840
3848
3849
3854
3855
3856
3857
3858
3859
3863
3864
3865
3866
3867
3871
3879
3887
3895
3903
3911
3919
3923
3924
3925
3926
3958
3987
3988
3989
3990
4018
4019
4037
4038
4039
4045
4046
4047
4088
