256 128
230 0 225 228 227 0 229 231 0 0 0 0 0 0 0 0 0 0 0 0 0 0 0 0 0 0 0 0 0 0 0 0 0 0 0 0 0 0 0 0 0 0 0 0 0 0 0 0 0 0 0 0 0 0 0 0 0 0 0 0 0 0 0 0 0 0 0 0 0 0 0 0 0 0 0 0 0 0 0 0 0 0 0 0 0 0 0 0 0 0 0 0 0 0 0 0 0 0 0 0 0 0 0 0 0 0 0 0 0 0 0 0 0 0 0 0 0 0 0 0 0 0 0 0 0 0 0 0 0 0 0 0 0 0 0 0 0 0 0 0 0 0 0 0 0 0 0 0 0 0 0 0 0 0 0 0 0 0 0 0 0 0 0 0 0 0 0 0 0 0 0 0 0 0 0 0 0 0 0 0 0 0 0 0 0 0 0 0 0 0 0 0 0 0 0 0 0 0 0 0 0 0 0 0 0 0 0 0 0 0 0 0 0 0 0 0 0 0 0 0 0 0 0 0 0 0 0 0 0 0 0 0 0 0 0 0 0 0 0 0 0 0 0 0 0 0 0 0 0 0 0 0 0 0 0 0 
0 0 0 0 0 0 0 0 0 0 0 0 0 0 0 0 0 0 0 0 0 0 0 0 0 0 0 0 0 0 0 0 0 0 0 0 0 0 0 0 0 0 0 0 0 0 0 0 0 0 0 0 0 0 0 0 0 0 0 0 0 0 0 0 0 0 0 0 0 0 0 0 0 0 0 0 0 0 0 0 0 0 0 0 0 0 0 0 0 0 0 0 0 0 0 0 0 0 0 0 0 0 0 0 0 0 0 0 0 0 0 0 0 0 0 0 0 0 0 0 0 0 0 0 1024 11 1035 0 1024 0 0 0 0 0 1024 11 1035 0 1024 0 0 0 0 0 0 0 0 0 0 0 0 0 0 0 0 0 0 0 0 0 0 0 0 0 0 0 0 0 0 0 0 0 0 0 0 0 0 0 0 0 0 0 0 0 0 0 0 0 0 0 0 0 0 0 0 0 0 0 0 0 0 0 0 0 0 0 0 0 0 0 0 0 0 0 0 0 0 0 0 0 0 0 0 0 0 0 0 0 0 0 0 0 0 0 0 0 0 0 0 0 0 0 0 0 0 0 0 0 0 0 0 0 0 0 0 0 
0 0 0 0 0 0 0 0 0 0 0 0 0 0 0 0 0 0 0 0 0 0 0 0 0 0 0 0 0 0 0 0 0 0 0 0 0 0 0 0 0 0 0 0 0 0 0 0 0 0 0 0 0 0 0 0 0 0 0 0 0 0 0 0 0 0 0 0 0 0 0 0 0 0 0 0 0 0 0 0 0 0 0 0 0 0 0 0 0 0 0 0 0 0 0 0 0 0 0 0 0 0 0 0 0 98 0 11 1035 0 0 0 0 0 0 0 0 11 1035 0 1024 0 0 1024 11 3083 2059 1035 0 0 0 0 0 1024 11 3083 2059 1035 0 0 0 0 0 0 0 0 0 0 0 0 0 0 0 0 0 0 0 0 0 0 0 0 0 0 0 0 0 0 0 0 0 0 0 0 0 0 0 0 0 0 0 0 0 0 0 0 0 0 0 0 0 0 0 0 0 0 0 0 0 0 0 0 0 0 0 0 0 0 0 0 0 0 0 0 0 0 0 0 0 0 0 0 0 0 0 0 0 0 0 0 0 0 0 0 0 0 0 0 0 0 0 0 0 0 0 0 0 0 0 0 0 0 0 0 0 0 
0 0 0 0 0 0 0 0 0 0 0 0 0 0 0 0 0 0 0 0 0 0 0 0 0 0 0 0 0 0 0 0 0 0 0 0 0 0 0 0 0 0 0 0 0 0 0 0 0 0 0 0 0 0 0 0 0 0 0 0 0 0 0 0 0 0 0 0 0 0 0 0 0 0 0 0 0 0 0 0 0 0 0 0 0 0 0 0 0 0 0 0 0 0 0 0 0 0 0 0 0 0 0 0 11 110 2158 3083 2059 1035 2048 1024 0 0 0 0 11 3083 2059 1035 0 0 0 11 3083 3072 2048 2059 1035 0 0 0 0 11 3083 3072 2048 2059 1035 0 0 0 0 0 0 0 0 0 0 0 0 11 1035 0 0 0 0 0 0 0 0 0 0 0 0 0 0 0 0 0 0 0 0 0 0 0 0 0 0 0 0 0 0 0 0 0 0 0 0 0 0 0 0 0 0 0 0 0 0 0 0 0 0 0 0 0 0 0 0 0 0 0 0 0 0 0 0 0 0 0 0 0 0 0 0 0 0 0 0 0 0 0 0 0 0 0 0 0 0 0 0 0 0 0 0 0 0 0 0 0 0 0 0 0 0 0 
0 0 0 0 0 0 0 0 0 0 0 0 0 0 0 0 0 0 0 0 0 0 0 0 0 0 0 0 0 0 0 0 0 0 0 0 0 0 0 0 0 0 0 0 0 0 0 0 0 0 0 0 0 0 0 0 0 0 0 0 0 0 0 0 0 0 0 0 0 0 0 0 0 0 0 0 0 0 0 0 0 0 0 0 0 0 0 0 0 0 0 0 0 0 0 0 0 0 0 0 0 11 1035 1024 33 0 33 3072 2048 2059 1035 1024 0 0 0 11 3083 1024 2048 2059 1035 0 0 2081 0 0 0 0 2081 0 0 0 0 2081 0 0 0 0 2081 0 0 0 0 0 0 0 0 0 0 0 11 3083 2059 1035 0 0 0 0 0 0 0 0 0 0 0 0 0 0 0 0 0 0 0 0 0 0 0 0 0 0 0 0 0 0 0 0 0 0 0 0 0 0 0 0 0 0 0 0 0 0 0 0 0 0 0 0 0 0 0 0 0 0 0 0 0 0 0 0 0 0 0 0 0 0 0 0 0 0 0 0 0 0 0 0 0 0 0 0 0 0 0 0 0 0 0 0 0 0 0 0 0 0 0 0 0 0 
0 0 0 0 0 0 0 0 0 0 0 0 0 0 0 0 0 0 0 0 0 0 0 0 0 0 0 0 0 0 0 0 0 0 0 0 0 0 0 0 0 0 0 0 0 0 0 0 0 0 0 0 0 0 0 0 0 0 0 0 0 0 0 0 0 0 0 0 0 0 0 0 0 0 0 0 0 0 0 0 0 0 0 0 0 0 0 0 0 0 0 0 0 0 0 0 0 0 3072 11 2158 3083 2059 1035 1135 2158 3083 0 0 0 2059 1035 1024 0 11 3083 1024 0 0 0 3105 0 0 2081 0 0 0 0 2081 0 0 0 0 2081 0 0 0 0 2081 0 0 0 0 0 11 1035 1024 1024 0 0 1057 0 0 2081 1024 0 0 0 0 0 0 0 0 0 0 0 0 0 0 0 0 0 0 0 0 0 0 0 0 0 0 0 0 0 0 0 0 0 0 2048 2048 2048 0 0 0 0 0 0 0 0 0 0 0 0 0 0 0 0 0 0 0 0 0 0 0 0 0 0 0 0 0 0 0 0 0 0 0 0 0 0 0 0 0 0 0 0 0 0 0 0 0 0 0 0 0 0 0 0 0 0 0 0 0 0 0 0 
0 0 0 0 0 0 0 0 0 0 0 0 0 0 0 0 0 0 0 0 0 0 0 0 0 0 0 0 0 0 0 0 0 0 0 0 0 0 0 0 0 0 0 0 0 0 0 0 0 0 0 0 0 0 0 0 0 0 0 0 0 0 0 0 0 0 0 0 0 0 0 0 0 0 0 0 0 0 0 0 0 0 0 0 0 0 0 0 0 0 0 0 0 0 0 0 0 0 11 3083 2059 1035 0 2059 3083 3170 0 0 11 1035 2048 2059 1035 11 3083 1024 0 0 0 0 33 0 0 2081 0 0 0 0 2081 0 0 0 0 2081 0 0 0 0 2081 0 0 0 0 11 3083 2059 1035 1024 0 0 3105 0 0 2081 1024 0 0 0 0 0 0 0 0 0 0 0 0 0 0 0 0 0 0 0 0 0 0 0 0 0 0 0 0 0 0 0 0 0 0 2048 2048 2048 0 0 0 0 0 0 0 0 0 0 0 0 0 0 0 0 0 0 0 0 0 0 0 0 0 0 0 0 0 0 0 0 0 0 0 0 0 0 0 0 0 0 0 0 0 0 0 0 0 0 0 0 0 0 0 0 0 0 0 0 0 0 0 0 
0 0 0 0 0 0 0 0 0 0 0 0 0 0 0 0 0 0 0 0 0 0 0 0 0 0 0 0 0 0 0 0 0 0 0 0 0 0 0 0 0 0 0 0 0 0 0 0 0 0 0 0 0 0 0 0 0 0 0 0 0 0 0 0 0 0 0 0 0 0 0 0 0 0 0 0 0 0 0 0 0 0 0 0 0 0 0 0 0 0 0 0 0 0 0 0 0 0 3105 0 0 3105 0 0 1024 1024 0 11 3083 2059 1035 0 2059 3083 1024 1024 2048 0 11 1035 2059 1035 11 3083 0 0 0 0 1057 0 0 0 0 1057 11 1035 0 0 1057 0 1024 0 11 3083 0 1024 2059 1035 0 0 2059 1035 0 2059 1035 0 0 0 0 0 0 0 0 0 0 0 0 0 0 0 0 0 0 0 0 0 0 0 0 0 0 0 0 0 0 0 0 0 0 2048 2048 2048 0 0 0 0 0 0 0 0 0 0 0 0 0 0 0 0 0 0 0 0 0 0 0 0 0 0 0 0 0 0 0 0 0 0 0 0 0 0 0 0 0 0 0 0 0 0 0 0 0 0 0 0 0 0 0 0 0 0 0 0 0 0 0 0 
0 0 0 0 0 0 0 0 0 0 0 0 0 0 0 0 0 1024 1024 1024 0 0 0 0 0 0 0 0 0 0 0 0 0 0 0 0 0 0 0 0 0 0 0 0 0 0 0 0 0 0 0 0 0 0 0 0 0 0 0 0 0 0 0 0 0 0 0 0 0 0 0 0 0 0 0 0 0 0 0 0 0 0 0 0 0 0 0 0 0 0 0 0 0 0 0 0 0 11 48 3072 0 1057 0 0 2048 1024 0 3105 0 0 3105 3072 0 0 0 0 3072 11 3083 2059 1035 2059 3083 3072 0 0 0 98 2059 1035 0 0 11 3083 33 1057 0 0 2059 1035 3072 3072 3120 1035 2048 2048 0 33 0 0 0 2059 1035 0 2059 1035 0 0 0 0 0 0 0 0 0 0 0 0 0 11 1035 0 0 0 11 1035 0 0 0 0 0 0 0 0 0 0 0 0 0 2048 2048 2048 0 0 0 0 0 0 0 0 0 0 0 0 0 0 0 0 0 0 0 0 0 0 0 0 0 0 0 0 0 0 0 0 0 0 0 0 0 0 0 0 0 0 0 0 0 0 0 0 0 0 0 0 0 0 0 0 0 0 0 0 0 0 0 0 
2048 0 0 0 0 0 0 0 0 0 0 0 0 0 0 0 11 1035 1024 1024 0 0 0 0 0 0 11 1035 1024 1024 0 0 0 0 0 0 0 0 0 0 0 0 0 0 0 0 0 0 0 0 0 0 0 0 0 0 0 0 0 0 0 0 0 0 0 0 0 0 0 0 0 0 0 0 0 0 0 0 0 0 0 0 0 0 0 0 0 0 0 0 0 0 0 0 0 0 0 3105 2059 1035 11 3083 0 0 2048 3072 11 2096 0 0 3105 3072 0 0 0 0 11 3083 1024 1024 2059 1035 0 0 0 0 11 110 1035 2059 1035 11 3083 0 2059 3083 0 0 2048 2059 1035 11 3083 2059 1035 3072 0 33 0 0 0 0 33 0 0 33 0 0 0 0 0 0 0 0 0 0 0 0 11 3083 2059 1035 0 11 3083 2059 1035 1024 0 0 0 0 0 0 0 0 0 0 0 2048 2048 2048 0 0 0 0 0 0 0 0 0 0 0 0 0 0 0 0 0 0 0 0 0 0 0 0 0 0 0 0 0 0 0 0 0 0 0 0 0 0 0 0 0 0 0 0 0 0 0 0 0 0 0 0 0 0 0 0 0 0 0 0 0 0 0 0 
0 0 0 0 0 0 0 0 0 0 0 0 0 0 0 11 3083 2059 1035 1024 0 0 0 0 0 11 3083 2059 2158 1035 0 0 0 0 0 0 0 0 0 0 0 0 0 0 0 0 0 0 0 0 0 0 0 0 0 0 0 0 0 0 0 0 0 0 0 0 0 0 0 0 0 0 0 0 0 0 0 0 0 0 0 0 0 0 0 0 0 0 0 0 0 0 0 0 0 0 0 33 0 2059 3083 0 0 11 1035 2048 33 1072 1035 11 3083 0 0 0 0 2048 2081 0 0 0 0 2081 0 0 0 11 3083 3072 2059 1035 2059 3083 0 11 1035 0 0 3072 0 0 1135 3083 3072 2048 2059 1035 0 33 1024 1024 0 0 33 0 0 33 0 0 0 0 0 0 0 0 0 0 0 11 3083 3072 0 2059 2158 3083 0 2048 2059 1035 0 0 0 0 0 0 0 0 0 0 0 0 2048 2048 0 0 0 0 0 0 0 0 0 0 0 0 0 0 0 0 0 0 0 0 0 0 0 0 0 0 0 0 0 0 0 0 0 0 0 0 0 0 0 0 0 0 0 0 0 0 0 0 0 0 0 0 0 0 0 0 0 0 0 0 0 0 0 0 
0 0 0 0 0 0 0 0 0 0 0 0 0 0 11 3083 0 1024 2059 1035 0 0 0 0 11 3083 0 11 3083 2059 1035 0 0 0 0 0 0 0 0 0 0 0 0 0 0 0 0 0 0 0 0 0 0 0 0 0 0 0 0 0 0 0 0 0 0 0 0 0 0 0 0 0 0 0 0 0 0 0 0 0 0 0 0 0 0 0 0 0 0 11 1035 2048 0 0 0 0 0 33 0 0 11 1035 11 3083 2059 1035 2059 3083 2059 3083 0 0 0 2048 0 0 1057 0 0 0 0 1057 0 0 0 2081 0 0 0 2081 0 0 11 3083 2059 1035 11 1035 1024 1024 2081 1024 1024 1024 0 2081 0 2059 1035 1024 3072 11 3083 0 0 2059 1035 0 0 0 0 0 0 0 0 0 0 3105 0 0 0 0 2146 11 1035 0 0 3105 0 0 0 0 0 0 0 0 0 0 0 0 2048 2048 0 0 0 0 0 0 0 0 0 0 0 0 0 0 0 0 0 0 0 0 0 0 0 0 0 0 0 0 0 0 0 0 0 0 0 0 0 0 0 0 0 0 0 0 0 0 0 0 0 0 0 0 0 0 0 0 0 0 0 0 0 0 0 0 
0 0 0 0 0 0 0 0 0 0 0 0 0 0 33 0 0 0 1024 1057 0 0 0 0 1057 0 0 33 0 0 33 0 0 0 0 0 0 0 0 0 0 0 0 0 0 0 0 0 0 0 0 0 0 0 0 0 0 0 0 0 0 0 0 0 0 0 0 0 0 0 0 0 0 0 0 0 0 0 0 0 0 0 0 0 0 0 0 0 11 3083 2059 1035 0 0 0 0 0 2059 1035 11 3083 2059 111 0 0 3105 0 0 0 0 0 0 0 0 0 0 2059 1035 0 1024 11 3083 0 0 0 1057 0 0 0 1057 0 0 3105 0 0 3120 3083 2059 1035 1024 1057 0 0 0 0 2081 0 0 2059 1035 11 3083 1024 0 0 0 2059 1035 0 0 0 0 1024 1024 0 0 0 33 0 0 0 0 11 3083 2059 1035 0 33 0 0 0 0 0 0 0 0 0 0 0 0 2048 2048 0 0 0 0 0 0 0 0 0 0 0 0 0 0 0 0 0 0 0 0 0 0 0 0 0 0 0 0 0 0 0 0 0 0 0 0 0 0 0 0 0 0 0 0 0 0 0 0 0 0 0 0 0 0 0 0 0 0 0 0 0 0 0 0 
0 0 0 0 0 0 0 0 0 0 0 0 0 0 33 0 0 0 1024 3120 1035 0 0 0 1057 0 0 33 0 1024 1072 1035 1024 1024 0 0 0 0 0 0 0 0 0 0 0 0 0 0 0 0 0 0 11 3 3 3 3 3 3 3 3 3 3 3 3 1035 0 0 0 0 0 0 0 0 0 0 0 0 0 0 0 0 0 0 0 0 0 11 3083 0 0 2059 1035 0 0 0 0 0 2059 2096 0 0 3105 0 0 3105 0 0 0 0 0 0 0 0 0 0 2048 2059 1035 11 3083 3072 0 0 0 1057 0 0 0 2081 0 0 33 0 0 3105 0 0 3105 1024 2059 1035 2048 3072 11 3083 0 0 0 2059 3083 3072 1024 0 0 0 0 33 0 0 0 11 1035 1024 0 0 0 33 0 0 0 0 1057 0 0 1057 0 33 0 0 0 0 0 0 0 0 0 0 0 0 2048 2048 0 0 0 0 0 0 0 0 0 0 0 0 0 0 0 0 0 0 0 0 0 0 0 0 0 0 0 0 0 0 0 0 0 0 0 0 0 0 0 0 0 0 0 0 0 0 0 0 0 0 0 0 0 0 0 0 0 0 0 0 0 0 0 0 
0 0 0 0 0 0 0 0 0 0 0 0 0 0 33 1024 0 0 11 3083 2059 1035 0 0 1057 0 0 2059 1035 11 3083 2059 1035 1024 0 0 0 0 0 0 0 0 0 0 0 0 0 0 0 0 0 0 33 253 253 253 253 253 253 253 253 253 253 253 253 33 0 0 0 0 0 0 0 0 0 0 0 0 0 0 0 0 0 0 0 0 0 3105 0 0 0 2048 3120 1035 0 0 0 0 0 3105 0 0 3105 0 0 33 0 0 0 0 0 0 0 0 0 0 11 1035 2059 3083 98 0 0 0 11 110 1035 1024 11 3083 0 0 2059 1035 11 48 0 0 33 0 0 2059 1035 11 3083 1024 0 0 0 0 0 11 1035 1024 1024 0 0 33 1024 3072 11 3083 2059 1035 1024 1024 11 3083 0 0 0 0 3105 0 0 3105 2048 33 0 0 0 0 0 0 0 0 0 0 0 0 2048 2048 0 0 0 0 0 0 0 0 0 0 0 0 0 0 0 0 0 0 0 0 0 0 0 0 0 0 0 0 0 0 0 0 0 0 0 0 0 0 0 0 0 0 0 0 0 0 0 0 0 0 0 0 0 0 0 0 0 0 0 0 0 0 0 0 
0 0 0 0 0 0 0 0 0 0 0 0 0 0 2059 1035 0 0 33 0 0 33 0 11 3083 0 0 0 2059 3083 0 1024 2059 1035 0 0 0 0 0 0 0 0 0 0 0 0 0 0 0 0 0 0 33 253 253 253 253 253 253 253 253 253 253 253 253 33 0 0 0 0 0 0 0 0 0 0 0 0 0 0 0 0 0 0 0 0 0 3105 0 0 0 11 3083 2059 1035 0 0 0 0 2059 1035 11 3083 0 0 3105 0 0 0 0 0 0 0 0 0 0 33 1057 3072 11 110 1035 0 11 3083 2048 2059 2158 3083 0 0 0 2048 2059 3083 2059 1035 11 3083 0 0 2048 2059 3083 3072 1024 1024 1024 0 0 11 3083 2059 1035 1024 11 1035 2059 1035 11 3083 11 1035 2059 1035 11 3083 2048 11 1035 1024 3072 2059 1035 11 3083 11 3083 0 0 0 0 0 0 0 0 0 0 0 0 2048 2048 0 0 0 0 0 0 0 0 0 0 0 0 0 0 0 0 0 0 0 0 0 0 0 0 0 0 0 0 0 0 0 0 0 0 0 0 0 0 0 0 0 0 0 0 0 0 0 0 0 0 0 0 0 0 0 0 0 0 0 0 0 0 0 0 
0 0 0 0 0 0 0 0 0 0 0 0 0 0 0 2059 1035 0 33 0 0 33 11 3083 0 0 0 0 0 11 1035 0 0 1057 0 0 0 0 0 0 0 0 0 0 0 0 0 0 0 0 0 0 33 253 253 253 253 253 253 253 253 253 253 253 253 33 0 0 0 0 0 0 0 0 0 0 0 0 0 0 0 0 0 0 0 0 0 33 0 0 0 3105 0 0 3105 0 0 0 0 0 2059 3083 98 0 11 3083 0 0 0 0 192 1216 0 0 0 0 2059 3083 11 3083 3072 2059 2158 3083 1024 1024 0 1057 3072 0 0 0 0 0 3072 0 2059 3083 0 0 0 0 0 1024 1024 0 0 0 0 11 3083 0 1024 2059 1035 33 1057 0 2059 3083 11 3083 2059 1035 2059 3083 2048 11 3083 2059 1035 3072 0 2059 3083 11 3083 3072 0 0 0 0 0 0 0 0 0 0 0 0 2048 2048 0 0 0 0 0 0 0 0 0 0 0 0 0 0 0 0 0 0 0 0 0 0 0 0 0 0 0 0 0 0 0 0 0 0 0 0 0 0 0 0 0 0 0 0 0 0 0 0 0 0 0 0 0 0 0 0 0 0 0 0 0 0 0 0 
0 0 0 0 0 0 0 0 0 0 0 0 0 0 0 0 33 0 2059 1035 11 110 3083 98 1024 0 0 0 0 33 1057 0 0 1057 0 1024 0 0 3072 3072 2048 2048 0 0 0 0 0 0 0 0 0 0 33 253 253 253 253 253 253 253 253 253 253 253 253 33 0 0 0 0 0 0 0 0 0 0 0 0 0 0 0 0 0 0 0 0 0 3105 0 0 0 1057 0 0 1057 0 2048 2048 0 0 0 11 110 2158 3083 3072 1024 0 0 0 1224 200 0 0 0 0 0 0 3105 0 0 0 2081 0 0 0 0 1057 0 0 0 0 0 0 0 0 0 0 0 0 0 0 0 0 0 0 0 0 0 33 0 0 1024 1024 1057 2059 3083 11 1035 0 1057 0 0 1057 0 0 11 3083 3072 1024 2059 1035 0 0 0 3105 0 0 0 0 0 0 0 0 0 0 0 0 0 0 2048 2048 0 0 0 0 0 0 0 0 0 0 0 0 0 0 0 0 0 0 0 0 0 0 0 0 0 0 0 0 0 0 0 0 0 0 0 0 0 0 0 0 0 0 0 0 0 0 0 0 0 0 0 0 0 0 0 0 0 0 0 0 0 0 0 0 
0 0 0 0 0 0 0 0 0 0 0 0 0 0 0 0 33 0 0 2059 3083 0 11 110 1035 3072 3072 11 1035 2059 3083 0 0 1057 0 1024 0 0 0 0 0 0 0 0 0 0 0 0 0 0 0 0 33 253 253 253 253 253 253 253 253 253 253 253 253 33 0 0 0 0 0 0 0 0 0 0 0 0 0 0 0 0 0 0 0 0 0 2059 1035 0 2048 2059 1035 11 3083 3072 0 11 1035 2048 0 33 0 33 3072 3072 0 0 0 0 1224 200 0 0 0 0 0 0 3105 0 2048 2048 3105 0 0 11 3 3083 0 0 0 0 0 0 0 0 0 0 0 0 0 0 0 0 0 0 0 0 0 33 1024 1024 0 0 1057 0 11 3083 2059 1035 3105 0 0 3105 0 11 3083 2048 2048 2048 2048 2059 1035 0 0 33 0 0 0 0 0 0 0 0 0 0 0 0 0 0 2048 2048 0 0 0 0 0 0 0 0 0 0 0 0 0 0 0 0 0 0 0 0 0 0 0 0 0 0 0 0 0 0 0 0 0 0 0 0 0 0 0 0 0 0 0 0 0 0 0 0 0 0 0 0 0 0 0 0 0 0 0 0 0 0 0 0 
0 0 0 0 0 0 0 0 0 0 0 0 0 0 0 0 33 0 0 0 0 0 33 0 33 3072 11 3083 2059 1035 0 0 0 2059 1035 1024 0 0 0 0 0 0 0 0 0 0 0 0 0 0 0 0 33 253 253 253 253 253 251 253 253 253 253 253 253 33 0 0 0 0 0 0 0 0 0 0 0 0 0 0 0 0 0 0 0 0 0 0 2059 1035 2048 0 2059 110 1035 2048 11 3083 2059 1035 2048 2081 2048 2081 0 0 0 0 0 0 2240 3264 0 0 0 0 0 0 33 0 2048 2048 33 0 0 3105 249 0 0 0 0 0 0 0 0 0 0 0 0 0 0 0 0 0 0 0 0 0 0 33 3072 3072 0 0 1057 0 1057 0 0 1057 2059 1035 11 3083 0 2081 1024 0 0 0 0 0 2081 1024 0 3105 0 0 0 0 0 0 0 0 0 0 0 0 0 0 2048 2048 0 0 0 0 0 0 0 0 0 0 0 0 0 0 0 0 0 0 0 0 0 0 0 0 0 0 0 0 0 0 0 0 0 0 0 0 0 0 0 0 0 0 0 0 0 0 0 0 0 0 0 0 0 0 0 0 0 0 0 0 0 0 0 0 
0 0 0 0 0 0 0 0 0 0 0 11 1035 1024 0 11 3083 11 1035 3072 11 1035 2059 2158 3083 11 3083 3072 0 2059 1035 0 0 1024 2059 1035 0 0 0 0 0 0 0 0 3072 3072 3072 0 0 0 0 0 33 253 253 253 253 253 253 253 253 253 253 253 253 33 0 0 0 0 0 0 0 0 0 0 0 0 0 0 0 0 0 0 0 0 0 0 0 2059 1035 0 0 2048 2059 2158 3083 0 2048 2059 2158 110 2158 3083 0 0 0 0 0 0 0 0 0 0 0 0 0 0 2059 1035 1024 11 3083 0 0 3105 0 0 0 0 0 0 0 0 0 0 11 1035 1024 1024 0 0 0 0 0 0 0 0 0 2059 1035 2048 0 11 3083 0 3105 0 0 3120 1035 2059 3083 0 0 2081 1024 0 0 0 0 0 2081 1024 1024 2059 1035 1024 0 0 0 0 0 0 0 0 0 0 0 0 2048 2048 0 0 0 0 0 0 0 0 0 0 0 0 0 0 0 0 0 0 0 0 0 0 0 0 0 0 0 0 0 0 0 0 0 0 0 0 0 0 0 0 0 0 0 0 0 0 0 0 0 0 0 0 0 0 0 0 0 0 0 0 0 0 0 0 
0 0 0 0 0 0 0 0 0 0 11 3083 2059 1035 11 3083 11 3083 2059 2158 3083 2059 1035 3170 0 33 0 0 0 0 33 0 0 1024 1024 1057 0 0 0 0 0 0 0 0 2048 0 0 0 0 0 0 0 33 253 253 253 253 253 253 253 253 253 253 253 253 33 0 0 0 0 0 0 0 0 0 0 0 0 0 0 0 0 0 0 0 0 0 0 0 0 3105 0 0 0 0 2146 2048 2048 0 0 2146 2048 2146 2048 0 0 0 0 0 0 3072 3072 3072 0 0 0 0 0 2048 2059 2158 3083 2048 0 0 33 249 0 0 0 0 0 0 0 0 11 3083 2059 1035 1024 0 0 0 0 0 0 0 0 0 2048 2059 1035 11 3083 0 0 2059 1035 11 3083 2059 1035 0 0 0 1057 1024 0 0 0 0 0 1057 1024 1024 2048 2059 1035 0 0 0 0 0 0 0 0 0 0 0 0 0 2048 0 0 0 0 0 0 0 0 0 0 0 0 0 0 0 0 0 0 0 0 0 0 0 0 0 0 0 0 0 0 0 0 0 0 0 0 0 0 0 0 0 0 0 0 0 0 0 0 0 0 0 0 0 0 0 0 0 0 0 0 0 0 0 0 
0 0 0 0 0 0 0 0 0 11 3083 1024 0 2059 3083 1024 33 0 3072 3170 2048 3072 33 0 0 33 0 2048 0 0 33 0 0 1024 1024 1057 0 0 2048 1024 0 1024 11 1035 0 3072 11 1035 0 0 0 0 33 253 253 253 253 253 253 253 253 253 253 253 253 33 0 0 0 0 0 0 0 0 0 0 0 0 0 0 0 0 0 0 0 0 0 0 0 0 33 0 0 0 0 0 0 0 0 0 0 0 0 0 0 0 0 0 0 0 0 0 0 0 0 0 0 0 0 0 3105 0 0 0 0 3105 0 0 0 0 0 0 0 0 11 3083 0 1024 2059 1035 0 0 0 0 0 0 0 0 0 0 2048 2059 3083 11 1035 0 0 2059 48 0 0 1057 0 0 0 2059 1035 0 0 0 0 11 3083 1024 0 0 0 33 0 0 0 0 0 0 0 0 0 0 0 0 0 0 0 0 0 0 0 0 0 0 0 0 0 0 0 0 0 0 0 0 0 0 0 0 0 0 0 0 0 0 0 0 0 0 0 0 0 0 0 0 0 0 0 0 0 0 0 0 0 0 0 0 0 0 0 0 0 0 0 0 0 0 0 0 0 0 
0 0 0 0 0 0 0 0 0 33 0 0 0 0 0 0 33 0 0 0 2048 3072 33 0 0 33 0 2048 0 0 33 0 0 0 0 1057 0 1024 1024 1024 0 11 3083 2059 1035 11 3083 2059 1035 1024 0 0 33 253 253 253 253 253 253 253 253 253 253 253 253 33 0 0 0 0 0 0 0 0 0 0 0 0 0 0 0 0 0 0 0 0 0 0 0 0 3105 0 0 0 98 0 0 0 0 11 1035 0 0 0 0 0 0 0 0 0 0 0 0 0 0 0 0 0 0 0 3105 0 0 0 0 3105 249 0 0 0 0 0 0 0 33 0 0 1024 1024 33 0 0 0 0 0 0 0 0 0 0 0 0 11 3083 2059 1035 0 0 1057 0 0 1057 0 0 0 2048 2059 1035 1024 3072 11 3083 11 1035 0 0 0 33 0 0 0 0 0 0 0 0 0 0 0 0 0 0 0 0 0 0 0 0 0 0 0 0 0 0 0 0 0 0 0 0 0 0 0 0 0 0 0 0 0 0 0 0 0 0 0 0 0 0 0 0 0 0 0 0 0 0 0 0 0 0 0 0 0 0 0 0 0 0 0 0 0 0 0 0 0 0 
0 0 0 0 0 0 0 0 0 33 0 0 0 0 0 0 33 98 0 98 1024 3072 33 0 0 2059 1035 2048 0 0 2059 1035 0 0 0 2059 1035 0 3072 3072 11 3083 11 1035 2059 3083 3072 1024 2059 1035 0 0 33 253 253 253 253 253 253 253 253 253 253 253 253 33 0 0 0 0 0 0 0 0 0 0 0 0 0 0 0 0 0 0 0 0 0 0 0 0 3105 0 0 11 110 2158 1035 0 0 33 1057 0 0 0 0 0 0 0 0 0 0 11 1035 1024 0 0 0 0 0 0 33 0 0 0 0 3105 0 0 0 0 0 0 0 0 33 1024 1024 0 0 33 11 1035 0 0 0 0 0 0 0 0 0 0 1057 0 0 1057 0 0 2059 1035 11 3083 0 0 0 0 0 2059 1035 11 3083 0 33 1057 0 0 0 3105 0 0 0 0 0 0 0 0 0 0 0 0 0 0 0 0 0 0 0 0 0 0 0 0 0 0 0 0 0 0 0 0 0 0 0 0 0 0 0 0 0 0 0 0 0 0 0 0 0 0 0 0 0 0 0 0 0 0 0 0 0 0 0 0 0 0 0 0 0 0 0 0 0 0 0 0 0 0 
0 0 0 0 0 0 0 0 0 33 0 11 1035 0 0 0 1135 110 2158 110 1035 11 3083 3072 0 2048 2059 1035 0 0 0 2059 1035 0 11 1035 2059 1035 3072 11 3083 11 3083 2059 1035 0 2048 0 0 1057 0 0 33 253 253 253 253 253 253 253 253 253 253 253 253 33 0 0 0 0 0 0 0 0 0 0 0 0 0 0 0 0 0 0 0 0 0 1024 1024 11 3083 1024 0 33 0 33 2059 1035 1024 2059 3083 0 0 0 0 0 0 0 0 1024 11 3083 2059 1035 0 0 0 0 0 0 2059 1035 2048 0 0 3105 249 0 0 0 0 0 0 0 33 3072 3072 2048 0 3120 3083 2059 1035 0 0 0 0 0 0 0 0 0 3105 0 0 3105 0 0 0 2059 3083 0 0 0 0 0 0 0 2059 3083 3072 0 2059 3083 0 0 11 3083 0 0 0 0 0 0 0 0 0 0 0 0 0 0 0 0 0 0 0 0 0 0 0 0 0 0 0 0 0 0 0 0 0 0 0 0 0 0 0 0 0 0 0 0 0 0 0 0 0 0 0 0 0 0 0 0 0 0 0 0 0 0 0 0 0 0 0 0 0 0 0 0 0 0 0 0 0 0 
0 0 0 0 0 0 0 0 0 2059 2158 3083 2059 1035 0 0 33 0 33 1024 2059 3083 0 0 0 0 0 33 0 0 0 0 33 0 33 1057 0 2059 2158 3083 3072 33 1024 0 1057 0 2048 0 0 1057 0 0 33 0 0 0 0 0 0 0 0 0 0 0 0 33 0 0 0 0 0 0 0 0 0 0 0 0 0 0 0 0 0 0 0 0 0 1024 11 3083 0 0 1024 1135 2158 3083 0 2059 1035 0 0 0 0 0 0 0 0 0 0 1024 3105 2048 0 2081 0 0 0 0 0 0 2048 2059 1035 0 0 33 0 0 0 0 0 0 0 0 2059 1035 2048 3072 11 48 0 0 1057 11 1035 0 0 0 0 0 0 0 2059 1035 11 3083 0 0 0 0 0 0 0 0 0 0 0 0 0 0 0 0 0 0 1024 11 3083 3072 0 0 0 0 0 0 0 0 0 0 0 0 0 0 0 0 0 0 0 0 0 0 0 0 0 0 0 0 0 0 0 0 0 0 0 0 0 0 0 0 0 0 0 0 0 0 0 0 0 0 0 0 0 0 0 0 0 0 0 0 0 0 0 0 0 0 0 0 0 0 0 0 0 0 0 0 0 0 
0 0 0 0 0 0 0 0 0 0 33 0 0 33 0 0 2059 2158 3083 0 11 1035 3072 0 0 0 0 33 0 0 0 0 33 0 2059 3083 0 0 2146 0 2048 2081 3072 2048 3105 0 0 11 2158 3083 0 0 33 0 0 0 0 0 0 0 0 0 0 0 0 2059 1035 1024 0 0 0 0 0 0 0 0 0 0 0 0 0 0 0 0 0 0 0 11 3083 1024 0 0 11 3083 3170 0 0 0 2059 1035 0 0 0 0 0 0 0 0 0 0 3105 0 0 1057 0 0 0 0 0 0 0 0 3105 0 0 2059 3 1035 1024 0 0 0 0 0 2048 2059 1035 11 3083 3105 0 2048 3105 33 1057 0 0 0 0 0 0 0 0 2059 3083 0 0 0 0 0 0 0 0 0 0 0 0 0 0 0 0 0 0 0 0 2059 2051 1035 0 3072 0 0 0 0 0 0 0 0 0 0 0 0 0 0 0 0 0 0 0 0 0 0 0 0 0 0 0 0 0 0 0 0 0 0 0 0 0 0 0 0 0 0 0 0 0 0 0 0 0 0 0 0 0 0 0 0 0 0 0 0 0 0 0 0 0 0 0 0 0 0 0 0 0 0 0 0 
0 0 0 0 0 0 0 0 0 0 33 0 0 33 0 0 0 2146 2048 2048 33 1057 0 0 0 0 0 33 0 0 0 0 33 0 0 0 0 0 0 2048 1024 2059 1035 11 3083 0 11 3083 2059 1035 0 0 33 0 0 0 0 0 0 0 0 0 0 0 0 0 2059 1035 0 0 0 0 0 0 0 0 0 0 0 0 0 0 0 0 0 0 0 3105 0 0 0 0 3105 0 0 0 0 0 0 3105 0 0 0 0 0 0 0 0 0 0 2059 1035 2048 3105 2048 0 0 0 0 0 0 0 3105 0 0 0 1024 2081 1024 0 0 0 0 0 0 2048 2059 3083 0 2059 1035 11 3083 2059 3083 11 1035 0 0 0 0 0 0 0 0 0 0 0 0 0 0 0 0 0 0 0 0 0 0 0 0 0 0 0 0 1273 0 3105 0 1024 0 0 0 0 0 0 0 0 0 0 0 0 0 0 0 0 0 0 0 0 0 0 0 0 0 0 0 0 0 0 0 0 0 0 0 0 0 0 0 0 0 0 0 0 0 0 0 0 0 0 0 0 0 0 0 0 0 0 0 0 0 0 0 0 0 0 0 0 0 0 0 0 0 0 0 0 
0 0 0 0 0 0 0 0 0 0 2059 1035 11 3083 0 0 0 11 1035 1024 2059 3083 0 0 0 0 0 2059 1035 1024 0 11 3083 0 0 0 0 0 0 0 0 3072 2059 3083 2048 0 3105 0 1024 2081 0 0 33 0 0 0 0 0 0 0 0 0 0 0 0 0 3072 1057 0 0 0 0 0 0 0 0 0 0 0 0 0 0 0 0 0 0 0 33 0 0 0 0 33 0 0 0 0 0 0 33 0 0 0 0 0 0 0 0 11 1035 0 1057 0 2059 1035 1024 0 0 0 0 0 0 33 0 0 1024 1024 1057 0 0 0 0 0 0 0 0 0 0 0 0 2059 3083 0 0 11 3083 2059 1035 1024 0 0 0 0 0 0 0 0 0 0 0 0 0 1024 1024 0 0 0 0 0 0 0 0 0 0 0 1024 0 33 0 0 0 0 0 0 0 0 0 0 0 0 0 0 0 0 0 0 0 0 0 0 0 0 0 0 0 0 0 0 0 0 0 0 0 0 0 0 0 0 0 0 0 0 0 0 0 0 0 0 0 0 0 0 0 0 0 0 0 0 0 0 0 0 0 0 0 0 0 0 0 0 0 0 0 0 0 0 
0 0 0 0 0 0 0 0 0 0 0 1072 3083 0 0 0 11 3083 2059 1035 0 0 0 0 0 0 0 1024 2059 1035 11 3083 0 3072 0 0 0 0 0 0 0 0 0 11 1035 0 3105 0 1024 2081 0 11 3083 0 0 0 0 0 0 0 0 0 0 0 0 0 3072 1057 0 0 0 0 0 0 0 0 0 0 0 0 0 0 0 0 0 0 0 3105 0 0 0 0 3105 0 0 0 0 0 0 3105 0 0 0 0 0 0 0 11 3083 2059 1035 3105 0 11 1103 3171 0 0 0 0 0 0 2059 1035 2048 3072 11 3083 0 0 0 0 0 0 0 0 0 0 0 0 0 0 0 11 3083 0 1024 2059 1035 0 0 0 0 0 0 0 0 0 0 0 0 0 1024 1024 0 0 0 0 0 0 0 0 0 0 1024 1273 1024 3105 0 0 0 0 0 0 0 0 0 0 0 0 0 0 0 0 0 0 0 0 0 0 0 0 0 0 0 0 0 0 0 0 0 0 0 0 0 0 0 0 0 0 0 0 0 0 0 0 0 0 0 0 0 0 0 0 0 0 0 0 0 0 0 0 0 0 0 0 0 0 0 0 0 0 0 0 0 0 
0 0 0 0 0 0 0 0 0 0 0 2059 1035 1024 0 0 33 0 0 33 0 98 0 0 0 0 0 1024 1024 2059 3083 0 0 0 0 0 0 0 0 0 0 0 0 33 1057 0 2059 1035 11 111 11 3083 0 0 0 0 0 0 0 0 0 0 0 0 0 0 0 1057 0 0 0 0 0 0 0 0 0 0 0 0 0 0 0 0 0 0 0 3105 3072 11 1035 2048 3105 0 0 0 0 0 0 3105 0 0 0 0 0 0 0 1057 0 0 1057 1057 0 33 249 0 0 0 0 0 0 0 2048 2059 1035 11 3083 0 0 0 0 0 0 0 0 0 0 0 0 0 0 0 0 1057 0 0 0 0 1057 0 0 0 0 0 0 0 0 192 196 1216 0 0 1024 1024 2048 2048 0 0 0 0 0 0 0 0 0 1024 1024 33 0 0 0 0 0 0 0 0 0 0 0 0 0 0 0 0 0 0 0 0 0 0 0 0 0 0 0 0 0 0 0 0 0 0 0 0 0 0 0 0 0 0 0 0 0 0 0 0 0 0 0 0 0 0 0 0 0 0 0 0 0 0 0 0 0 0 0 0 0 0 0 0 0 0 0 0 0 0 
0 0 0 0 0 0 0 0 0 0 0 0 2059 1035 0 0 33 0 0 33 11 110 1035 0 0 0 0 1024 1024 1024 0 0 0 0 0 0 192 196 1216 0 0 0 0 2059 3083 11 1035 2059 3083 2059 3083 0 0 0 0 0 0 0 0 0 0 0 0 0 0 0 11 3083 0 0 0 0 0 0 0 0 0 0 0 0 0 0 0 0 0 1024 11 3083 11 3083 2059 1035 2059 1035 0 0 0 0 11 3083 0 0 0 0 0 0 0 3105 0 0 3105 3105 0 3105 0 0 0 0 0 0 0 0 0 0 2059 3083 1024 0 0 0 0 0 192 1216 0 0 0 0 0 0 0 0 0 1057 0 0 0 0 2081 0 0 0 0 0 0 0 0 1224 203 200 0 0 1024 3072 0 11 1035 3072 3072 0 0 0 0 0 0 1273 1024 3105 0 0 0 0 0 0 0 0 0 0 0 0 0 0 0 0 0 0 0 0 0 0 0 0 0 0 0 0 0 0 0 0 0 0 0 0 0 0 0 0 0 0 0 0 0 0 0 0 0 0 0 0 0 0 0 0 0 0 0 0 0 0 0 0 0 0 0 0 0 0 0 0 0 0 0 0 0 0 
0 0 0 0 0 0 0 0 0 0 0 0 0 33 0 0 2059 1035 11 3083 33 0 33 0 0 0 0 0 0 0 0 0 0 0 0 0 1224 203 200 0 0 0 0 0 11 3083 2059 1035 1024 0 0 0 0 0 0 0 0 0 0 0 0 0 0 0 0 11 3083 1024 0 0 0 0 0 0 0 0 0 0 0 0 0 0 0 0 0 11 3083 1024 3105 0 0 3105 0 2059 1035 0 0 11 3083 0 0 0 0 0 0 0 0 2059 1035 11 3083 3105 0 3105 249 0 0 0 0 0 0 0 0 0 0 0 0 0 0 0 0 0 2240 3264 0 0 0 0 0 0 0 0 0 3105 0 0 0 0 2081 0 0 0 0 0 0 0 0 2240 2244 3264 0 0 1024 3072 11 3083 2059 1035 1024 0 0 0 0 0 0 1024 1024 33 0 0 0 0 0 0 0 0 0 0 0 0 0 0 0 0 0 0 0 0 0 0 0 0 0 0 0 0 0 0 0 0 0 0 0 0 0 0 0 0 0 0 0 0 0 0 0 0 0 0 0 0 0 0 0 0 0 0 0 0 0 0 0 0 0 0 0 0 0 0 0 0 0 0 0 0 0 0 
0 0 0 0 0 0 0 0 0 0 0 0 0 33 0 11 1035 2059 3083 0 2059 2158 3083 0 0 0 0 0 0 0 0 0 0 0 0 0 2240 2244 3264 0 0 0 0 0 33 0 1024 1057 1024 1024 0 0 0 0 0 160 166 1187 0 0 0 0 0 0 0 33 0 0 0 0 0 0 0 0 0 0 0 0 0 0 0 0 0 0 0 3105 0 0 1057 3072 0 1057 0 0 2059 1035 11 3083 0 11 1035 0 0 0 0 0 0 0 2059 3083 0 2059 1035 3105 0 0 0 0 0 0 0 0 0 0 0 0 0 0 0 0 0 0 0 0 0 0 0 0 0 0 0 0 0 2059 1035 0 0 11 3083 0 0 0 0 0 0 0 0 0 0 0 0 0 1024 1024 2081 0 1024 1057 0 0 0 0 0 2048 2048 11 2051 3083 0 0 0 0 0 0 0 0 0 0 0 0 0 0 0 0 0 0 0 0 0 0 0 0 0 0 0 0 0 0 0 0 0 0 0 0 0 0 0 0 0 0 0 0 0 0 0 0 0 0 0 0 0 0 0 0 0 0 0 0 0 0 0 0 0 0 0 0 0 0 0 0 0 0 0 0 0 0 
0 0 0 0 0 0 0 0 0 0 0 0 0 33 0 33 1057 0 0 0 0 3170 0 11 1035 1024 0 0 0 0 0 0 0 0 0 0 0 0 0 0 0 0 0 0 2081 0 1024 3105 1024 0 0 0 0 0 160 167 168 169 0 0 0 0 0 0 0 33 0 0 0 0 0 0 0 0 0 0 0 0 0 0 0 0 0 0 0 33 0 0 2059 1035 11 3083 0 0 0 2059 3083 0 11 3083 2059 1035 0 0 0 0 0 0 0 0 0 0 33 2059 3 1035 0 0 0 0 0 0 0 0 0 0 0 0 0 0 0 0 0 0 0 0 0 0 0 0 0 0 0 0 2059 1035 11 3083 0 0 0 0 0 0 0 0 0 0 0 0 0 1024 1024 1024 1135 1035 11 3083 0 0 0 0 0 2048 11 3083 0 2048 0 0 0 0 0 0 0 0 0 0 0 0 0 0 0 0 0 0 0 0 0 0 0 0 0 0 0 0 0 0 0 0 0 0 0 0 0 0 0 0 0 0 0 0 0 0 0 0 0 0 0 0 0 0 0 0 0 0 0 0 0 0 0 0 0 0 0 0 0 0 0 0 0 0 0 0 0 0 
0 0 0 0 0 0 0 0 0 0 0 0 0 2059 1035 2059 3083 0 0 0 0 0 11 3083 2059 1035 0 0 0 0 0 0 0 0 0 0 0 0 0 0 0 0 0 0 2059 1035 11 3083 0 0 0 0 0 160 167 165 3239 3232 0 0 0 0 0 0 0 33 0 0 11 1035 1024 0 0 0 0 0 0 0 0 0 0 0 0 0 0 3105 0 0 0 2059 3083 0 0 11 1035 0 0 11 3083 0 0 2059 1035 0 0 0 0 0 0 0 0 0 3105 0 1024 2081 0 0 0 11 1035 0 0 0 0 0 0 0 0 0 0 0 0 0 0 0 0 0 0 0 0 0 0 0 1024 2059 3083 0 11 1035 0 0 0 0 0 0 0 0 0 0 0 1024 0 11 3083 2059 111 0 0 0 0 0 0 11 3083 2048 0 0 0 0 0 0 0 0 0 0 0 0 0 0 0 0 0 0 0 0 0 0 0 0 0 0 0 0 0 0 0 0 0 0 0 0 0 0 0 0 0 0 0 0 0 0 0 0 0 0 0 0 0 0 0 0 0 0 0 0 0 0 0 0 0 0 0 0 0 0 0 0 0 0 0 0 0 0 0 0 
0 0 0 0 0 0 0 0 0 0 0 0 0 0 2059 1035 0 0 0 0 0 0 33 2048 0 33 0 0 0 0 0 0 0 0 0 0 0 0 0 0 0 0 0 0 0 2059 3083 0 0 0 0 0 160 167 165 3239 3232 0 0 0 0 0 11 1035 2048 2059 1035 11 3083 2059 1035 0 0 0 0 0 0 0 0 0 0 0 0 0 0 3105 0 0 0 0 0 0 0 33 1057 0 0 1057 0 0 0 0 1057 0 0 0 0 0 0 0 0 0 3105 0 1024 2081 0 1024 11 3083 2059 1035 0 0 0 0 0 0 0 0 0 0 0 0 0 0 0 11 1035 0 0 0 0 0 0 0 0 11 3083 2059 1035 0 11 1035 0 0 0 0 0 0 0 1024 11 3083 0 0 2059 1035 0 0 0 0 1024 3105 0 0 2048 11 2051 2051 2051 2051 2051 2051 2051 2051 2051 2051 2051 2051 1035 0 0 0 0 0 0 0 0 0 0 0 0 0 0 0 0 0 0 0 0 0 0 0 0 0 0 0 0 0 0 0 0 0 0 0 0 0 0 0 0 0 0 0 0 0 0 0 0 0 0 0 0 0 0 0 0 0 0 0 0 0 0 0 0 0 
0 0 0 0 0 0 0 0 0 0 0 0 0 0 0 33 0 11 1035 0 0 1024 2059 1035 11 3083 0 0 0 0 0 0 0 0 0 0 0 0 0 0 0 0 3072 0 0 0 0 0 0 0 0 160 167 165 3239 3232 0 0 0 0 0 0 33 1057 2048 2048 2059 3083 0 3072 1057 0 0 0 0 0 0 0 0 0 0 0 0 0 0 2059 1035 3072 1024 11 1035 0 0 2059 3083 0 0 33 0 0 0 0 33 0 0 0 0 0 0 0 0 0 2059 1035 11 3083 0 1024 1057 0 0 1057 0 2048 2048 0 0 0 11 1035 0 0 11 1035 0 0 0 33 1057 0 0 0 0 0 0 0 0 1057 0 0 1057 11 3083 2059 1035 0 0 0 0 0 0 1024 1057 2048 2048 1024 1024 1057 1024 1024 0 0 1024 33 0 0 2048 3105 254 254 254 254 254 254 254 254 254 254 254 254 33 0 0 0 0 0 0 0 0 0 0 0 0 0 0 0 0 0 0 0 0 0 0 0 0 0 0 0 0 0 0 0 0 0 0 0 0 0 0 0 0 0 0 0 0 0 0 0 0 0 0 0 0 0 0 0 0 0 0 0 0 0 0 0 0 0 
0 0 0 0 0 0 0 0 0 0 0 0 0 0 0 33 0 33 1057 0 11 1035 2048 2059 3083 0 0 0 0 0 0 0 0 11 1035 1024 1024 0 0 0 0 0 0 0 0 0 0 0 0 0 0 3241 3240 3239 3232 0 0 0 0 0 0 0 2059 3083 98 0 2048 0 0 3072 1057 0 0 0 0 0 0 0 0 0 0 0 0 0 0 3072 2059 1035 11 3083 2059 1035 0 0 0 0 11 3083 0 0 11 3 3083 0 0 0 0 0 0 0 0 0 2048 2059 3083 3072 0 1024 3105 0 0 3105 1024 11 1035 0 0 11 3083 2059 1035 11 3083 2059 1035 0 0 2059 3083 0 0 0 0 0 0 0 0 3105 0 0 3105 1057 0 0 1057 0 0 0 0 0 0 1024 1057 2048 2048 1024 1024 2081 1024 0 0 0 1024 2059 1035 2048 3072 1057 254 254 254 254 254 254 254 254 254 254 254 254 33 0 0 0 0 0 0 0 0 0 0 0 0 0 0 0 0 0 0 0 0 0 0 0 0 0 0 0 0 0 0 0 0 0 0 0 0 0 0 0 0 0 0 0 0 0 0 0 0 0 0 0 0 0 0 0 0 0 0 0 0 0 0 0 0 0 
0 0 0 0 0 0 0 0 0 0 0 0 0 0 0 33 0 2059 3083 11 3083 2059 1035 0 0 0 0 0 0 0 0 0 11 3083 2059 1035 1024 0 0 0 0 0 0 0 0 0 0 0 0 0 0 2211 3238 3232 0 0 0 0 0 0 0 0 0 11 110 1035 1024 1024 0 0 1057 0 0 0 0 0 0 0 0 0 0 0 0 0 0 0 0 2059 3083 1024 0 2059 1035 0 0 11 3083 0 0 0 3105 249 0 0 0 0 0 0 0 0 0 0 0 0 0 0 2048 0 2059 1035 11 3083 11 3083 2059 1035 0 1057 0 0 3120 3083 0 0 2059 1035 0 0 0 11 1035 0 0 0 0 0 0 2059 1035 11 3083 3105 0 0 1057 0 0 0 0 0 0 0 2081 2048 2048 1024 1024 2081 1024 1024 0 0 1024 2048 2059 1035 11 3083 254 254 254 254 254 254 254 254 254 254 254 254 2081 0 0 0 0 0 0 0 0 0 0 0 0 0 0 0 0 0 0 0 0 0 0 0 0 0 0 0 0 0 0 0 0 0 0 0 0 0 0 0 0 0 0 0 0 0 0 0 0 0 0 0 0 0 0 0 0 0 0 0 0 0 0 0 0 0 
0 0 0 0 0 0 0 0 0 0 0 0 0 0 0 2059 1035 0 11 3083 2048 0 2059 1035 0 0 0 0 0 0 0 11 3083 0 1024 2059 1035 0 0 0 0 0 0 0 0 0 0 0 0 0 0 0 0 0 0 0 3072 0 2048 2048 0 0 3072 33 0 33 1024 1024 0 11 3083 0 0 0 0 0 0 0 0 0 0 0 0 0 0 0 0 0 0 0 0 0 2059 1035 11 3083 0 0 0 0 3105 0 0 0 0 0 0 0 0 0 0 0 0 0 0 0 0 11 1035 2059 3083 11 3083 2048 2048 2059 1035 3105 0 0 3105 0 0 0 0 1057 11 1035 11 3083 2059 1035 0 0 0 0 0 0 2059 3083 0 2059 1035 11 3083 0 0 0 0 0 0 0 2059 1035 2048 3072 11 3083 0 1024 0 0 1024 0 0 2059 3083 1024 254 254 254 254 254 254 254 254 254 254 254 254 1057 0 0 0 0 0 0 0 0 0 0 0 0 0 0 0 0 0 0 0 0 0 0 0 0 0 0 0 0 0 0 0 0 0 0 0 0 0 0 0 0 0 0 0 0 0 0 0 0 0 0 0 0 0 0 0 0 0 0 0 0 0 0 0 0 0 
0 0 0 0 0 0 0 0 0 0 0 0 0 0 0 2048 2059 2158 3083 2048 0 0 0 33 0 0 0 0 0 0 0 33 0 0 1024 1024 1057 0 0 0 0 0 0 0 0 0 0 0 0 0 0 0 0 0 0 0 0 11 1035 2048 0 0 0 2059 2158 3083 1024 1024 11 3083 1024 0 0 0 0 0 0 0 0 0 0 0 0 0 0 0 0 0 0 0 0 0 0 2059 3083 0 0 0 0 0 33 249 0 0 0 0 0 0 192 1216 0 0 0 0 0 0 11 3083 2059 1035 0 33 0 0 0 3072 33 2059 1035 11 48 0 0 0 0 3120 3083 2059 2096 0 0 1057 0 0 0 0 0 0 0 0 11 1035 2059 3083 0 0 0 0 0 0 0 0 0 2059 1035 11 3083 1122 0 0 0 0 1024 3072 3072 3072 3072 3072 254 254 254 254 254 254 254 254 254 254 254 254 33 0 0 0 0 0 0 0 0 0 0 0 0 0 0 0 0 0 0 0 0 0 0 0 0 0 0 0 0 0 0 0 0 0 0 0 0 0 0 0 0 0 0 0 0 0 0 0 0 0 0 0 0 0 0 0 0 0 0 0 0 0 0 0 0 0 
0 0 0 0 0 0 0 0 0 0 0 0 0 0 0 0 0 2146 3072 0 0 0 0 33 0 0 0 0 0 0 0 33 3072 3072 0 0 3105 0 0 11 1035 1024 1024 0 0 0 0 0 0 0 0 0 0 0 0 0 11 3083 2059 1035 0 0 0 0 3170 0 0 0 1057 1024 1024 0 0 0 0 0 0 0 0 0 0 0 0 0 0 0 0 0 0 0 0 0 0 0 0 0 0 0 0 0 3105 0 0 0 0 0 0 0 1224 200 0 0 0 0 0 0 1057 0 0 1057 0 3105 0 0 0 3072 33 0 2059 3083 33 0 0 0 11 3083 0 0 33 1024 0 1057 0 0 0 0 0 0 0 11 3083 2059 1035 0 11 1035 0 0 0 0 0 0 0 0 2059 3083 11 110 1035 0 0 0 0 0 0 0 0 0 254 254 254 254 254 255 254 254 254 254 254 254 33 0 0 0 0 0 0 0 0 0 0 0 0 0 0 0 0 0 0 0 0 0 0 0 0 0 0 0 0 0 0 0 0 0 0 0 0 0 0 0 0 0 0 0 0 0 0 0 0 0 0 0 0 0 0 0 0 0 0 0 0 0 0 0 0 0 
0 0 0 0 0 0 0 0 0 0 0 0 0 0 0 0 0 0 0 0 0 0 0 33 0 0 0 0 0 0 0 2059 1035 0 0 11 3083 0 11 3083 2059 1035 1024 0 0 0 0 0 0 0 0 0 0 0 0 0 3105 3072 2048 2081 0 0 0 11 1035 1024 0 0 1057 1024 1024 0 0 0 0 0 0 0 0 0 0 0 0 0 0 0 0 0 0 0 0 0 0 0 0 0 0 0 0 0 2059 3 1035 1024 0 0 0 0 2240 3264 0 0 0 0 0 0 3105 0 0 3105 0 3105 0 0 0 3072 3105 0 0 0 2059 1035 0 0 1057 0 0 0 2081 1024 0 3105 0 0 0 0 0 0 0 1057 0 0 1057 11 3083 2059 1035 0 0 0 0 0 0 0 0 11 3083 3072 2059 1035 0 0 0 0 0 0 0 0 254 254 254 254 254 254 254 254 254 254 254 254 2081 0 0 0 0 0 0 0 0 0 0 0 0 0 0 0 0 0 0 0 0 0 0 0 0 0 0 0 0 0 0 0 0 0 0 0 0 0 0 0 0 0 0 0 0 0 0 0 0 0 0 0 0 0 0 0 0 0 0 0 0 0 0 0 0 0 
0 0 0 0 0 0 0 0 0 0 0 0 0 0 0 0 0 0 0 0 0 0 0 33 0 0 0 0 0 0 0 2048 2059 1035 11 3083 1024 11 3083 0 1024 2059 1035 0 0 0 0 0 0 98 0 0 0 0 0 0 1057 0 0 33 0 0 11 3083 2059 1035 0 0 1057 0 0 0 0 0 0 0 0 0 0 0 0 0 0 0 0 0 0 0 0 0 0 0 0 0 0 0 0 0 0 0 0 0 2059 1035 0 0 0 0 0 0 0 0 0 0 0 0 2059 1035 11 3083 0 2059 1035 0 0 11 3083 0 11 1035 0 2059 1035 11 48 0 0 0 2059 1035 11 3083 0 0 0 0 0 0 0 3105 0 0 3120 3083 0 0 2059 1035 0 0 0 0 0 0 0 2081 3072 1024 3072 33 0 0 0 0 0 0 0 0 254 254 254 254 254 254 254 254 254 254 254 254 1057 0 0 0 0 0 0 0 0 0 0 0 0 0 0 0 0 0 0 0 0 0 0 0 0 0 0 0 0 0 0 0 0 0 0 0 0 0 0 0 0 0 0 0 0 0 0 0 0 0 0 0 0 0 0 0 0 0 0 0 0 0 0 0 0 0 
0 0 0 0 0 0 0 0 0 0 98 0 0 2048 11 3 3 3 3 1035 0 0 0 33 0 0 0 0 0 0 0 0 0 2059 3083 0 0 2081 0 0 0 0 2081 0 0 98 0 0 11 110 1035 0 0 0 0 0 2059 1035 11 3083 0 0 33 0 1024 1057 1024 0 2059 1035 0 0 11 1035 1024 0 0 0 0 0 0 0 0 0 0 0 0 0 0 0 0 0 0 0 0 0 0 0 0 0 0 0 1024 3105 0 0 0 0 0 0 0 0 0 0 0 0 0 2059 3083 0 0 0 2059 1035 11 3083 0 11 3083 2059 1035 0 2059 3083 3105 0 0 0 1024 1135 3083 0 0 0 0 0 0 0 0 2059 1035 11 48 0 0 0 0 33 0 0 0 0 0 0 0 1057 3072 1024 1024 1057 0 98 0 0 0 0 0 0 254 254 254 254 254 254 254 254 254 254 254 254 33 0 0 0 0 0 0 0 0 0 0 0 0 0 0 0 0 0 0 0 0 0 0 0 0 0 0 0 0 0 0 0 0 0 0 0 0 0 0 0 0 0 0 0 0 0 0 0 0 0 0 0 0 0 0 0 0 0 0 0 0 0 0 0 0 0 
0 0 0 0 0 0 0 0 3072 11 110 1035 1024 2048 2081 2296 0 2296 0 33 0 0 11 3083 0 0 0 0 0 0 0 0 98 0 0 0 0 33 0 0 1024 1024 33 0 11 110 1035 0 33 0 33 3072 11 1035 1024 0 0 2059 3083 0 0 0 2081 0 1024 3105 0 11 1035 2059 1035 11 3083 2059 1035 0 0 0 0 0 0 0 0 0 0 0 0 0 0 0 0 0 0 0 0 0 0 0 0 0 0 0 1024 33 0 0 0 0 0 0 0 0 0 0 0 0 0 0 0 0 0 0 0 2059 3083 0 11 3083 0 0 2059 1035 0 11 110 1035 1024 0 11 3083 0 0 0 0 0 0 0 0 0 0 2059 3083 33 0 0 0 0 33 0 0 0 0 0 0 0 2059 1035 2048 11 3083 11 110 1035 2048 2048 11 1035 2048 254 254 254 254 254 254 254 254 254 254 254 254 33 0 0 0 0 0 0 0 0 0 0 0 0 0 0 0 0 0 0 0 0 0 0 0 0 0 0 0 0 0 0 0 0 0 0 0 0 0 0 0 0 0 0 0 0 0 0 0 0 0 0 0 0 0 0 0 0 0 0 0 0 0 0 0 0 0 
0 0 0 0 0 0 0 0 11 3083 0 2059 1035 11 3083 0 0 0 0 2059 1035 11 3083 0 0 0 0 0 0 0 0 11 110 1035 0 11 1035 2059 1035 0 0 11 3083 3072 33 0 33 0 2059 2158 3083 11 3083 2059 1035 0 0 0 0 0 0 0 2059 1035 11 3083 11 3083 2059 1035 2059 3083 0 1024 2059 1035 0 0 0 0 0 0 0 0 0 0 0 0 0 0 0 0 0 0 0 1024 1024 1024 1024 98 0 0 11 3083 0 0 0 0 0 0 0 0 0 0 0 0 0 0 0 0 0 0 0 0 0 0 33 0 0 3072 3072 33 0 1057 0 2059 1035 11 48 0 0 0 0 0 0 0 0 0 11 1035 0 0 33 0 0 0 0 33 0 0 0 0 0 11 1035 0 2059 2158 3083 3072 33 0 33 1024 11 3083 2059 1035 254 254 254 254 254 254 254 254 254 254 254 254 2081 0 0 0 0 0 0 0 0 0 0 0 0 0 0 0 0 0 0 0 0 0 0 0 0 0 0 0 0 0 0 0 0 0 0 0 0 0 0 0 0 0 0 0 0 0 0 0 0 0 0 0 0 0 0 0 0 0 0 0 0 0 0 0 0 0 
0 0 0 0 0 0 0 0 33 3072 0 1024 2059 3083 0 0 0 0 0 0 2059 3083 0 0 0 0 0 0 0 0 11 3083 0 2059 2158 3083 2059 1035 2059 1035 11 3083 3072 0 2059 2158 3083 0 0 3170 11 3083 3072 0 2059 1035 0 0 0 0 0 0 2048 2059 3083 0 1057 0 0 2081 0 3072 3072 2048 2048 2081 2048 0 0 0 11 2051 2051 2051 2051 2051 2051 2051 2051 2051 2051 2051 2051 2051 2051 1035 1024 0 11 110 1035 11 3083 0 0 11 1035 0 0 0 11 1035 0 0 0 0 0 0 0 0 0 0 0 0 0 0 3105 0 0 3072 3072 33 0 1057 0 0 2059 3083 2081 0 0 0 0 0 0 0 0 0 2059 1103 1035 0 2059 1035 0 0 11 3083 0 0 0 0 11 3083 2059 1035 0 3170 0 0 2059 2158 3083 11 3083 1024 0 1057 254 254 254 254 254 254 254 254 254 254 254 254 1057 0 0 0 0 0 0 0 0 0 0 0 0 0 0 0 0 0 0 0 0 0 0 0 0 0 0 0 0 0 0 0 0 0 0 0 0 0 0 0 0 0 0 0 0 0 0 0 0 0 0 0 0 0 0 0 0 0 0 0 0 0 0 0 0 0 
0 0 0 0 0 0 0 0 33 2048 0 0 0 0 0 0 0 0 0 0 1024 0 0 0 0 0 0 0 0 0 33 0 0 0 3170 1024 0 2059 1035 2059 3083 3072 11 1035 0 3170 0 0 0 0 2081 0 0 0 0 2081 0 0 0 1024 0 0 0 1024 0 0 1057 0 0 3105 0 3072 3072 0 0 33 2048 0 0 11 3083 0 0 234 234 234 234 234 234 234 234 234 234 234 234 2059 1035 11 3083 0 2059 3083 0 0 11 3083 2059 1035 0 11 3083 2059 1035 0 0 0 0 0 0 0 0 0 0 0 0 0 3105 0 0 3072 3072 3105 0 3105 0 0 0 0 2081 0 0 0 0 0 0 0 0 0 1273 0 1057 0 0 2059 1035 11 3083 0 0 0 0 0 1057 2048 0 1057 0 0 11 1035 0 3170 11 3083 1024 1024 0 2059 2051 2051 2051 2051 2051 2051 2051 2051 2051 2051 2051 2051 3083 0 0 0 0 0 0 0 0 0 0 0 0 0 0 0 0 0 0 0 0 0 0 0 0 0 0 0 0 0 0 0 0 0 0 0 0 0 0 0 0 0 0 0 0 0 0 0 0 0 0 0 0 0 0 0 0 0 0 0 0 0 0 0 0 0 
0 0 0 0 0 0 0 0 33 0 0 0 0 0 0 0 0 0 0 0 1024 0 0 0 0 0 0 0 0 0 33 1024 1024 0 0 0 0 0 3105 0 0 11 3083 2059 1035 11 1035 0 0 0 33 0 0 0 0 33 0 1024 1024 0 0 11 1035 1024 0 0 2059 1035 11 3083 0 0 0 0 0 33 0 0 11 3083 0 0 0 234 234 234 234 234 234 234 234 234 234 234 234 1024 2059 3083 0 0 0 0 0 11 3083 0 0 2059 2158 3083 0 0 2059 1035 0 0 0 0 0 0 0 0 0 0 0 0 2059 1035 2048 0 11 111 0 2059 1035 0 0 11 3083 0 0 0 0 0 0 0 0 0 1024 0 1057 0 0 0 2059 3083 0 0 0 0 0 0 3105 2048 11 110 1035 0 33 1057 3072 3072 3105 2048 2048 2048 2048 2048 0 0 0 0 0 0 0 0 0 0 0 0 0 0 0 0 0 0 0 0 0 0 0 0 0 0 0 0 0 0 0 0 0 0 0 0 0 0 0 0 0 0 0 0 0 0 0 0 0 0 0 0 0 0 0 0 0 0 0 0 0 0 0 0 0 0 0 0 0 0 0 0 0 0 0 0 0 0 
0 0 0 0 0 0 0 0 2059 1035 0 0 0 0 0 0 0 0 0 0 0 0 0 0 0 0 0 11 1035 0 33 3072 3072 0 0 0 0 0 1057 0 0 33 0 1024 3120 3083 2059 1035 2048 0 33 0 0 0 1024 33 1024 0 1024 0 11 3083 2059 1035 0 0 1024 2059 3083 0 0 0 0 0 11 3083 0 11 3083 0 0 0 0 234 234 234 234 234 234 234 234 234 234 234 234 0 0 0 0 0 0 0 1024 33 0 0 0 0 1057 0 0 0 0 1057 0 0 0 0 192 196 1220 1216 0 0 0 0 2048 2059 1035 11 3083 2059 1035 0 2059 1035 11 3083 0 0 0 0 0 0 0 0 0 0 1273 0 1057 0 0 0 98 0 0 0 0 0 0 0 2059 1035 33 0 33 0 2059 3083 3072 3072 33 1024 0 0 0 0 0 0 0 0 0 0 0 0 0 0 0 0 0 0 0 0 0 0 0 0 0 0 0 0 0 0 0 0 0 0 0 0 0 0 0 0 0 0 0 0 0 0 0 0 0 0 0 0 0 0 0 0 0 0 0 0 0 0 0 0 0 0 0 0 0 0 0 0 0 0 0 0 0 0 0 0 0 0 
0 3072 11 1035 0 0 0 0 0 33 0 0 0 0 0 0 0 0 0 0 0 0 0 0 0 0 11 3083 2059 1035 2059 1035 2048 11 1035 0 0 0 3105 0 0 2081 0 0 3105 3072 2048 2059 1035 0 2059 1035 0 0 11 3083 0 11 1035 11 3083 1024 1024 2059 1035 0 1024 1024 0 0 0 0 0 0 1057 0 0 1057 0 0 0 0 0 234 234 234 234 234 234 234 234 234 234 234 234 2048 0 0 0 0 0 0 0 33 0 0 0 0 3105 0 0 0 0 1057 0 0 0 0 1224 198 1222 200 0 0 0 0 0 0 1135 3083 0 3072 2059 1035 1024 2059 3083 0 0 0 0 0 0 0 0 0 0 1024 0 0 1057 0 0 11 110 1035 0 0 0 0 0 0 2048 2059 110 2158 3083 11 1035 0 0 3072 3105 1024 0 0 0 0 0 0 0 0 0 0 0 0 0 0 0 0 0 0 0 0 0 0 0 0 0 0 0 0 0 0 0 0 0 0 0 0 0 0 0 0 0 0 0 0 0 0 0 0 0 0 0 0 0 0 0 0 0 0 0 0 0 0 0 0 0 0 0 0 0 0 0 0 0 0 0 0 0 0 0 0 0 0 
0 11 3083 2059 1035 0 0 0 0 33 0 0 0 0 192 1216 0 0 0 0 0 0 0 0 0 11 3083 0 0 2059 1035 2059 2158 3083 2059 1035 2048 11 3083 98 0 2059 1035 11 3083 0 1024 1024 33 0 0 2059 1035 11 3083 0 11 3083 2059 3083 0 1024 1024 1024 1057 0 0 0 0 0 0 0 0 0 1057 0 0 1057 0 0 0 0 0 234 234 234 234 234 234 234 234 234 234 234 234 0 0 0 0 0 0 0 0 2059 1035 0 0 11 110 1035 0 0 11 3083 0 0 0 0 1224 1224 200 200 0 0 0 0 0 0 3105 0 0 3072 3072 33 1024 0 0 0 0 0 0 0 0 0 0 0 0 0 11 3151 3083 1122 0 33 0 33 0 0 0 0 0 0 0 0 0 3170 0 33 1057 1024 3072 3072 33 1024 0 0 0 0 0 0 0 0 0 0 0 0 0 0 0 0 0 0 0 0 0 0 0 0 0 0 0 0 0 0 0 0 0 0 0 0 0 0 0 0 0 0 0 0 0 0 0 0 0 0 0 0 0 0 0 0 0 0 0 0 0 0 0 0 0 0 0 0 0 0 0 0 0 0 0 0 0 0 0 0 0 0 
0 33 0 0 33 0 0 0 0 33 0 0 0 0 2240 3264 0 0 0 0 0 0 0 0 0 3105 0 0 3072 0 3105 0 3170 1024 0 2059 2158 3083 11 110 1035 0 2059 48 0 0 0 0 3105 0 0 0 2059 3083 0 0 1057 0 0 0 0 0 0 0 2081 0 0 0 0 0 0 0 0 0 1057 0 0 1057 0 0 0 0 0 234 234 234 234 234 1261 234 234 234 234 234 234 0 0 0 0 0 0 0 0 0 2059 1035 11 3083 0 2059 1035 11 3083 0 0 0 0 0 1224 2246 3270 200 0 0 0 0 0 0 3105 0 0 3072 0 33 1024 0 11 1035 2048 2048 0 0 0 0 0 0 0 0 2059 3083 11 110 1035 2059 2158 3083 0 0 0 0 0 0 0 0 3072 0 0 2059 3083 3072 3072 3072 33 1024 0 0 0 0 0 0 0 0 0 0 0 0 0 0 0 0 0 0 0 0 0 0 0 0 0 0 0 0 0 0 0 0 0 0 0 0 0 0 0 0 0 0 0 0 0 0 0 0 0 0 0 0 0 0 0 0 0 0 0 0 0 0 0 0 0 0 0 0 0 0 0 0 0 0 0 0 0 0 0 0 0 0 
0 33 0 0 33 0 0 0 0 33 0 0 0 0 0 0 0 0 0 0 0 0 2048 2048 11 2096 0 0 0 3072 3105 0 0 2048 0 0 3170 0 33 0 33 0 0 3105 0 0 0 0 2059 1035 0 0 0 98 0 0 2081 0 0 0 0 0 0 0 3120 1035 0 0 0 0 0 0 0 0 2059 1035 11 3083 0 0 0 0 0 234 234 234 234 234 234 234 234 234 234 234 234 0 0 0 0 0 0 0 0 0 0 2059 3083 0 0 0 2059 3083 0 0 0 0 0 0 2240 2244 3268 3264 0 0 0 0 0 0 2059 1035 0 0 11 3083 0 11 3083 2059 1035 2048 0 0 0 0 0 0 0 0 0 11 3083 0 2059 1035 3170 0 0 0 0 0 0 0 3072 3072 3072 3072 11 1035 3072 3072 3072 3072 3105 1024 0 0 0 0 0 0 0 0 0 0 0 0 0 0 0 0 0 0 0 0 0 0 0 0 0 0 0 0 0 0 0 0 0 0 0 0 0 0 0 0 0 0 0 0 0 0 0 0 0 0 0 0 0 0 0 0 0 0 0 0 0 0 0 0 0 0 0 0 0 0 0 0 0 0 0 0 0 0 0 0 0 0 
0 33 0 98 2059 1035 0 0 11 3083 0 0 0 0 0 0 0 0 0 0 0 0 0 11 3083 3105 0 0 3072 3072 3105 0 0 2048 2048 0 0 0 2059 2158 3083 0 0 1057 0 0 0 0 0 2059 1035 0 11 110 1035 0 2081 0 0 11 1035 3072 3072 11 3083 2059 1035 0 0 0 0 0 0 0 0 2059 3083 3072 0 0 0 0 0 234 234 234 234 234 234 234 234 234 234 234 234 0 0 0 0 0 0 0 0 0 0 0 0 0 0 0 0 0 0 0 0 0 0 0 0 0 0 0 0 0 0 0 0 0 0 2059 1035 11 3083 0 11 3083 0 2048 2059 1035 0 0 0 0 0 0 0 0 0 1057 0 0 0 1057 0 0 0 0 0 0 0 0 3072 3072 3072 11 3083 2059 1035 3072 0 0 2059 1035 3072 0 0 0 0 0 0 0 0 0 0 0 0 0 0 0 0 0 0 0 0 0 0 0 0 0 0 0 0 0 0 0 0 0 0 0 0 0 0 0 0 0 0 0 0 0 0 0 0 0 0 0 0 0 0 0 0 0 0 0 0 0 0 0 0 0 0 0 0 0 0 0 0 0 0 0 0 0 0 0 0 0 
0 33 11 110 1035 2059 1035 11 3083 0 0 0 0 0 0 0 0 0 0 11 1035 0 11 3083 2048 3105 0 0 3072 3072 3105 0 0 2048 0 0 0 0 0 3170 0 1024 11 3083 0 1024 1024 0 0 0 33 0 33 0 33 0 2059 1035 11 3083 2059 1035 11 48 2048 0 1057 0 0 0 0 0 0 0 0 0 0 0 0 0 0 0 0 234 234 234 234 234 234 234 234 234 234 234 234 0 0 0 0 0 0 0 0 0 0 0 0 0 0 0 0 0 0 0 0 0 0 0 0 0 0 0 0 0 0 0 11 1035 0 0 2059 3083 1024 0 3105 0 0 0 0 33 0 0 0 0 0 0 0 0 0 3105 0 0 0 3105 0 0 0 0 0 0 0 0 3072 3072 11 3083 3072 3072 2059 1035 0 0 2048 2059 1035 3072 0 0 0 0 0 0 0 0 0 0 0 0 0 0 0 0 0 0 0 0 0 0 0 0 0 0 0 0 0 0 0 0 0 0 0 0 0 0 0 0 0 0 0 0 0 0 0 0 0 0 0 0 0 0 0 0 0 0 0 0 0 0 0 0 0 0 0 0 0 0 0 0 0 0 0 0 0 0 0 0 
0 33 33 0 33 0 2059 3083 0 0 0 0 0 0 0 0 0 0 11 3083 2059 1035 3105 0 2048 2059 1035 0 3072 11 3083 0 0 0 0 0 0 0 0 0 0 11 3083 3072 0 0 11 1035 1024 0 3105 0 2059 2158 3083 0 0 2059 3083 1024 2048 2059 3083 33 2048 0 1057 0 0 0 0 0 0 0 0 0 0 0 0 0 0 0 0 234 234 234 234 234 234 234 234 234 234 234 234 0 0 0 0 0 0 0 0 0 0 0 0 0 0 0 0 0 0 0 0 0 0 2048 0 0 0 0 0 0 0 11 3083 2059 1035 0 0 0 0 0 3105 0 0 0 0 33 0 0 0 0 0 0 0 0 0 2059 1035 0 11 3083 0 0 0 0 0 0 11 1035 1024 11 3083 0 0 0 0 2059 1035 0 0 0 2059 1035 0 0 0 0 0 0 0 0 0 0 0 0 0 0 0 0 0 0 0 0 0 0 0 0 0 0 0 0 0 0 0 0 0 0 0 0 0 0 0 0 0 0 0 0 0 0 0 0 0 0 0 0 0 0 0 0 0 0 0 0 0 0 0 0 0 0 0 0 0 0 0 0 0 0 0 0 0 0 0 0 
0 33 2059 2158 3083 0 0 98 0 0 0 0 0 0 0 0 0 0 2081 2048 2048 2081 3105 0 0 2048 2059 1035 11 3083 0 0 0 0 0 0 0 0 0 1024 0 3105 0 0 0 11 3083 2059 1035 0 2059 1035 0 3170 11 1035 0 0 0 0 2048 2048 2048 2059 1035 11 3083 0 0 0 0 0 0 0 0 0 0 0 0 0 0 0 0 234 234 234 234 234 234 234 234 234 234 234 234 0 0 0 0 0 0 2048 3072 3072 2048 2048 2048 2048 2048 2048 2048 2048 2048 0 0 0 0 3072 0 0 0 0 0 0 11 3083 0 1024 2059 1035 0 0 0 0 3105 0 0 0 0 3105 0 0 0 0 0 0 0 0 0 0 2059 2158 3083 1024 0 0 0 0 0 0 33 1057 3072 33 0 0 0 0 0 1024 1057 0 0 0 0 1057 0 0 0 0 0 0 0 0 0 0 0 0 0 0 0 0 0 0 0 0 0 0 0 0 0 0 0 0 0 0 0 0 0 0 0 0 0 0 0 0 0 0 0 0 0 0 0 0 0 0 0 0 0 0 0 0 0 0 0 0 0 0 0 0 0 0 0 0 0 0 0 0 0 0 0 0 0 0 0 0 
0 2059 1035 3170 0 0 11 110 1035 0 0 0 0 0 0 0 0 0 33 0 0 33 3105 2048 0 2048 11 110 111 0 0 0 0 0 0 0 0 0 0 1024 0 3105 1024 0 1024 2081 1024 0 3105 0 0 3105 0 11 3083 2059 1035 0 0 0 11 1035 0 0 2059 3083 0 0 0 0 0 192 1216 0 0 0 0 0 0 0 0 0 0 234 234 234 234 234 234 234 234 234 234 234 234 11 1035 0 0 0 0 2048 0 11 1035 2048 2048 3072 3072 11 1035 2048 2048 0 0 0 0 0 0 0 0 0 0 0 33 0 0 0 0 33 0 0 0 0 2059 1035 0 0 11 3083 0 0 0 0 0 0 0 0 0 0 0 3170 1024 1024 0 0 0 0 11 1035 2059 3083 3072 33 0 0 0 0 0 1024 3105 0 0 0 0 1057 0 0 0 0 0 0 0 0 0 0 0 0 0 0 0 0 0 0 0 0 0 0 0 0 0 0 0 0 0 0 0 0 0 0 0 0 0 0 0 0 0 0 0 0 0 0 0 0 0 0 0 0 0 0 0 0 0 0 0 0 0 0 0 0 0 0 0 0 0 0 0 0 0 0 0 0 0 0 0 0 
0 0 2059 1035 0 11 3083 0 2059 1035 2048 2048 2048 2048 0 0 0 0 2059 1035 11 3083 2059 1035 0 0 33 0 33 0 0 0 0 0 192 196 1216 0 0 3072 0 2059 1035 1024 0 2081 1024 0 3105 1024 0 3105 0 1057 0 0 1057 0 0 11 3083 2059 1035 0 0 0 0 0 0 0 0 2240 3264 0 0 0 0 0 0 0 0 0 11 2051 2051 2051 2051 2051 2051 2051 2051 2051 2051 2051 2051 3083 2059 1035 2048 0 0 2048 11 3083 2059 1035 1024 0 11 3083 2059 1035 2048 2048 0 2048 0 0 3072 0 0 0 0 0 33 0 0 0 0 33 0 0 11 1035 0 2059 1035 11 3083 0 0 0 0 0 0 0 0 0 0 0 0 0 3072 0 0 2048 2048 3072 33 1057 0 2048 3072 33 0 0 0 0 0 1024 3105 0 0 0 0 3105 0 0 0 0 0 0 0 0 0 0 0 0 0 0 0 0 0 0 0 0 0 0 0 0 0 0 0 0 0 0 0 0 0 0 0 0 0 0 0 0 0 0 0 0 0 0 0 0 0 0 0 0 0 0 0 0 0 0 0 0 0 0 0 0 0 0 0 0 0 0 0 0 0 0 0 0 0 0 0 0 
0 0 0 2059 2158 3083 3072 0 2048 33 0 0 2048 2048 0 0 0 0 2048 2059 3083 2048 0 2059 1035 11 110 2158 3083 0 0 0 0 0 1224 199 200 0 0 3072 0 1024 2059 1035 11 3083 0 1024 2059 2158 3182 3083 0 1057 1024 0 1057 0 11 3083 0 0 2059 1035 0 0 0 0 0 0 0 0 0 0 0 0 0 0 0 0 0 11 3083 0 0 0 0 0 0 0 0 0 0 0 0 0 2048 2059 1035 0 0 11 3083 2048 3072 2059 1035 0 1057 0 2048 1057 0 2048 2048 0 0 0 0 2048 0 0 0 0 3105 0 0 0 0 3105 0 11 3083 2059 1035 0 2059 3083 98 0 0 11 1035 0 0 0 0 0 2048 2048 11 1035 3072 0 0 2048 11 1035 2059 3083 0 0 3072 3105 0 0 0 0 0 0 1057 0 0 0 0 3105 0 0 0 0 0 0 0 0 0 0 0 0 0 0 0 0 0 0 0 0 0 0 0 0 0 0 0 0 0 0 0 0 0 0 0 0 0 0 0 0 0 0 0 0 0 0 0 0 0 0 0 0 0 0 0 0 0 0 0 0 0 0 0 0 0 0 0 0 0 0 0 0 0 0 0 0 0 0 0 0 
0 0 0 0 3170 0 0 0 2048 33 0 0 2048 2048 0 0 0 0 0 0 0 0 0 0 2059 3083 0 3170 0 0 0 0 0 0 1224 197 200 0 0 2048 0 0 0 2059 3083 0 0 0 11 3083 2059 1035 1024 2059 1035 11 3083 0 1057 0 0 0 0 1057 0 0 0 0 0 0 0 0 0 0 0 0 0 0 0 0 0 1057 0 0 0 0 0 0 0 0 0 0 0 0 0 0 0 2048 2059 1035 0 1057 0 0 0 0 1057 0 1057 0 0 1057 0 0 2048 2048 2048 0 11 1035 2048 2048 0 0 2059 1035 0 0 11 3083 11 2096 0 0 1057 0 0 11 110 1035 0 33 1057 0 0 0 0 0 2048 11 3083 2059 1035 0 0 11 3083 2059 1035 1024 0 0 0 2059 1035 0 2048 2048 2048 11 3083 98 0 0 0 2059 1035 3072 0 0 0 0 0 0 0 0 0 0 0 0 0 0 0 0 0 0 0 0 0 0 0 0 0 0 0 0 0 0 0 0 0 0 0 0 0 0 0 0 0 0 0 0 0 0 0 0 0 0 0 0 0 0 0 0 0 0 0 0 0 0 0 0 0 0 0 0 0 0 0 0 0 0 0 0 0 0 
0 0 0 0 0 0 0 2048 2048 33 2048 98 0 2048 0 0 0 0 0 0 0 0 0 0 0 0 0 0 0 0 0 0 0 0 1224 2247 200 0 0 0 0 1024 11 1035 0 0 0 11 3083 0 1024 2059 1035 0 2059 3083 0 0 1057 0 0 0 0 1057 0 0 0 0 0 0 0 0 0 0 0 0 0 0 3072 0 0 1057 0 0 0 0 0 0 0 0 0 0 0 0 0 0 0 0 0 1057 0 1057 0 0 0 0 1057 0 1057 0 0 1057 0 11 1035 1024 2048 11 3083 2059 1035 2048 2048 0 0 2059 1035 11 3083 0 33 1057 0 0 3105 0 0 33 0 33 0 2059 3083 0 0 0 0 0 0 3105 2048 3072 3105 0 11 3083 2048 1024 2059 1035 0 0 0 0 2059 1035 1024 2048 11 3083 11 110 1035 0 0 2048 2059 1035 3072 0 0 0 0 0 0 0 0 0 0 0 0 0 0 0 0 0 0 0 0 0 0 0 0 0 0 0 0 0 0 0 0 0 0 0 0 0 0 0 0 0 0 0 0 0 0 0 0 0 0 0 0 0 0 0 0 0 0 0 0 0 0 0 0 0 0 0 0 0 0 0 0 0 0 0 0 0 
0 0 0 0 0 0 0 2048 2048 2059 2158 110 1035 0 0 0 0 0 0 0 0 0 0 0 0 0 0 0 0 0 0 0 0 0 2240 2244 3264 0 0 0 0 11 3083 2059 1035 0 0 33 0 0 1024 1024 1057 0 0 0 0 0 1057 0 0 0 0 1057 0 0 0 11 1035 0 0 0 0 0 0 0 0 0 11 1035 2048 1057 0 0 0 2048 2048 0 0 0 0 0 0 0 0 0 0 0 0 1057 0 1057 0 0 0 0 1057 0 2059 1035 11 3083 11 3083 2059 1035 11 3083 2048 2048 2059 1035 2048 0 0 0 2059 3083 0 0 2059 110 1035 11 3083 11 1035 2059 2158 3083 0 0 0 0 0 0 98 0 0 3105 0 0 3105 0 1057 0 0 1024 1024 1057 0 0 98 0 0 2059 1035 11 3083 11 3083 0 2059 1035 0 0 0 2059 1035 0 0 0 0 0 0 0 0 0 0 0 0 0 0 0 0 0 0 0 0 0 0 0 0 0 0 0 0 0 0 0 0 0 0 0 0 0 0 0 0 0 0 0 0 0 0 0 0 0 0 0 0 0 0 0 0 0 0 0 0 0 0 0 0 0 0 0 0 0 0 0 0 0 0 0 0 0 
0 0 0 0 0 0 0 2048 2048 2048 33 0 33 0 0 0 0 0 0 0 0 0 0 0 0 0 0 0 0 0 0 0 0 0 0 0 0 0 0 0 0 33 1024 0 1057 0 0 2081 3072 3072 2048 2048 1057 0 0 0 0 0 2059 1035 0 0 0 2059 1035 0 11 3083 2059 1035 0 0 0 0 0 0 0 11 3083 2059 1035 2059 1035 0 11 1035 2048 0 0 0 0 0 0 0 0 0 0 0 0 1057 0 2059 1035 0 1024 11 3083 0 1024 2059 3083 0 33 1024 0 2059 3083 0 0 0 11 1103 1123 0 0 0 0 0 0 0 0 0 2059 3083 0 33 1057 0 3170 0 0 0 0 0 0 11 110 1035 0 33 2048 0 33 0 3105 0 0 1024 1024 3105 0 11 110 1035 0 0 2059 3083 1024 1057 1024 0 0 1057 0 0 0 0 1057 0 0 0 0 0 0 0 0 0 0 0 0 0 0 0 0 0 0 0 0 0 0 0 0 0 0 0 0 0 0 0 0 0 0 0 0 0 0 0 0 0 0 0 0 0 0 0 0 0 0 0 0 0 0 0 0 0 0 0 0 0 0 0 0 0 0 0 0 0 0 0 0 0 0 0 0 0 
0 0 0 0 0 0 0 0 0 0 2059 2158 3083 0 0 0 98 0 0 2048 2048 0 0 0 0 0 0 0 0 0 0 0 0 0 0 0 0 0 0 0 0 3105 0 0 3105 3072 11 3083 0 0 3072 11 3083 11 1035 0 0 0 0 2059 1035 0 0 0 2059 3182 3083 0 0 2059 1035 0 0 0 0 0 11 3083 0 1024 2059 1035 2059 2158 3083 2059 1035 0 0 0 0 0 0 0 0 0 0 0 0 2059 1035 0 2059 1035 11 3083 1024 0 0 0 0 11 2096 1024 0 0 0 0 0 0 33 249 0 0 0 2048 2048 0 0 0 0 0 0 0 0 2059 3083 0 0 0 0 0 0 0 0 33 0 33 0 2059 1035 11 3083 0 1057 0 0 1024 1024 3105 0 33 0 33 0 0 0 0 0 1057 0 0 0 1057 0 0 0 0 1057 0 0 0 0 0 0 0 0 0 0 0 0 0 0 0 0 0 0 0 0 0 0 0 0 0 0 0 0 0 0 0 0 0 0 0 0 0 0 0 0 0 0 0 0 0 0 0 0 0 0 0 0 0 0 0 0 0 0 0 0 0 0 0 0 0 0 0 0 0 0 0 0 0 0 0 0 0 
0 0 0 0 0 0 0 0 0 0 0 33 0 0 0 11 110 1035 2048 2048 2048 0 0 0 0 0 0 0 0 0 0 0 0 0 0 0 0 0 0 0 0 2059 1035 11 3083 11 3083 3072 0 0 11 3083 11 3083 2059 1035 0 0 0 0 2059 1035 0 0 0 1057 0 2048 0 0 1057 0 0 0 0 0 1057 0 1024 0 11 110 1035 3170 0 0 1057 0 0 0 0 0 0 0 0 0 0 0 0 0 2059 1035 0 2059 3083 1024 0 0 0 0 11 3083 2059 1035 0 0 0 0 0 0 33 0 0 0 0 2048 2048 0 0 0 0 0 0 0 0 0 0 0 0 0 0 0 0 0 0 2059 2158 3083 0 0 2059 3083 0 0 3105 0 0 0 0 1057 0 2059 2158 3083 0 0 0 0 0 2059 1035 2048 11 3083 0 0 0 0 3105 0 0 0 0 0 0 0 0 0 0 0 0 0 0 0 0 0 0 0 0 0 0 0 0 0 0 0 0 0 0 0 0 0 0 0 0 0 0 0 0 0 0 0 0 0 0 0 0 0 0 0 0 0 0 0 0 0 0 0 0 0 0 0 0 0 0 0 0 0 0 0 0 0 0 0 0 0 
0 0 0 0 0 0 0 0 0 0 0 33 0 1024 0 33 0 33 2048 1024 11 1035 248 2048 248 2048 11 1035 0 0 0 0 0 1024 1024 0 0 0 0 0 0 0 2059 3083 0 1057 0 0 0 0 1057 0 1057 0 0 1057 0 0 0 0 0 1057 0 0 1024 1057 0 2048 0 0 1057 0 0 0 0 0 1057 1024 0 0 33 0 33 0 0 0 1057 0 0 0 0 0 0 0 0 0 0 0 0 0 0 1057 0 3072 11 1035 2048 0 0 0 3105 0 0 3105 0 0 0 0 0 0 33 249 0 0 0 0 0 2048 0 0 2048 2048 3072 3072 2048 0 0 0 0 3072 3072 11 1035 0 0 0 3170 0 11 1035 0 0 0 0 2059 1035 0 1024 11 3083 0 0 3170 0 0 0 0 0 0 3072 2059 2158 3083 0 98 3072 2048 11 3083 1024 0 0 0 0 0 0 0 0 0 0 0 0 0 0 0 0 0 0 0 0 0 0 0 0 0 0 0 0 0 0 0 0 0 0 0 0 0 0 0 0 0 0 0 0 0 0 0 0 0 0 0 0 0 0 0 0 0 0 0 0 0 0 0 0 0 0 0 0 0 0 0 0 0 0 0 0 
0 0 0 0 0 0 0 0 0 0 0 2059 1035 0 11 110 2158 111 0 11 3083 33 2048 2048 2048 2048 2081 2059 1035 1024 11 1035 0 1024 1122 0 0 0 0 0 0 0 98 0 0 1057 0 0 0 0 1057 0 3105 0 0 3105 0 0 0 0 0 1057 0 0 2048 2059 1035 2048 0 11 3083 0 0 0 0 0 1057 0 0 0 2059 2158 3083 0 0 0 1057 0 0 0 0 0 0 0 0 0 0 0 0 0 0 1057 0 11 3083 2059 1035 0 0 0 1057 0 0 1057 0 0 0 0 0 0 3105 1024 0 0 0 0 0 0 192 1216 0 0 0 3072 3072 11 1035 2048 2048 0 11 3083 2059 1035 0 0 0 11 3083 2059 1035 0 0 0 2048 2059 1035 11 3083 3072 3072 11 1035 1024 1024 11 1035 1024 1024 11 1035 3170 0 11 110 1035 11 3083 3072 1024 0 0 0 0 0 0 0 0 0 0 0 0 0 0 0 0 0 0 0 0 0 0 0 0 0 0 0 0 0 0 0 0 0 0 0 0 0 0 0 0 0 0 0 0 0 0 0 0 0 0 0 0 0 0 0 0 0 0 0 0 0 0 0 0 0 0 0 0 0 0 0 0 0 0 0 0 
0 0 0 0 0 0 0 0 0 0 0 1024 33 0 33 0 3170 33 0 33 1024 2059 2051 2051 2051 2051 3083 0 2059 2158 3083 2059 1035 11 110 1035 0 0 0 0 1024 11 110 1035 0 3105 0 0 0 0 3105 0 2059 1035 11 3083 0 0 0 0 0 2059 1035 0 0 11 110 1035 11 3083 0 0 0 0 0 0 1057 0 0 0 0 1057 0 0 0 0 2059 1035 0 0 0 0 0 0 0 0 0 0 0 0 0 1057 0 1057 1024 0 33 0 0 0 1135 1035 11 3083 0 0 0 0 0 0 2059 3 1035 2048 2048 0 0 0 2240 3264 0 0 0 0 11 3083 2059 1035 1024 0 3105 0 0 3105 0 11 2158 3083 0 0 2059 1035 0 0 2048 0 2059 3083 0 0 11 3083 2059 1035 11 3083 2059 1035 11 3083 2059 1035 11 3083 0 2059 3083 1024 1024 1024 0 0 0 0 0 0 0 0 0 0 0 0 0 0 0 0 0 0 0 0 0 0 0 0 0 0 0 0 0 0 0 0 0 0 0 0 0 0 0 0 0 0 0 0 0 0 0 0 0 0 0 0 0 0 0 0 0 0 0 0 0 0 0 0 0 0 0 0 0 0 0 0 0 0 0 0 
0 0 0 0 0 0 0 0 0 0 0 2048 33 0 33 1024 2048 33 0 33 1024 0 0 0 1122 0 0 0 0 3170 0 1024 2059 2096 0 1057 0 0 0 0 1024 33 0 33 0 3105 0 0 0 0 3105 0 0 2059 3083 0 0 0 98 0 0 0 2059 1035 11 3083 0 2059 3083 0 0 0 0 0 0 2048 2059 1035 2048 1024 11 3083 0 0 0 0 0 2059 1035 11 1035 0 0 0 0 0 0 0 0 1024 11 3083 0 3105 3072 0 33 0 0 11 3083 2059 3083 0 0 0 0 0 0 0 0 0 2059 1035 1024 0 0 0 0 0 0 0 0 0 3105 0 1024 2081 0 0 3105 0 0 3105 0 33 1057 0 0 0 0 1057 0 0 0 0 0 0 0 0 1057 0 0 2059 3083 1024 0 2059 3083 1024 0 2059 3083 0 0 0 0 0 0 0 0 0 0 0 0 0 0 0 0 0 0 0 0 0 0 0 0 0 0 0 0 0 0 0 0 0 0 0 0 0 0 0 0 0 0 0 0 0 0 0 0 0 0 0 0 0 0 0 0 0 0 0 0 0 0 0 0 0 0 0 0 0 0 0 0 0 0 0 0 0 0 0 0 0 0 0 
0 0 0 0 0 0 0 0 0 0 0 0 33 0 33 0 0 33 0 2059 1035 1024 1024 11 1134 1035 0 0 0 0 0 1024 1024 2059 2158 3083 0 0 0 0 3072 2059 2158 3083 0 2059 1035 0 0 11 3083 0 0 0 0 0 0 11 110 1035 0 0 0 2059 3083 0 0 1024 0 0 0 0 0 0 0 2048 2048 2059 1035 11 3083 0 0 0 98 0 0 2048 1135 3083 2059 1035 0 0 0 0 0 0 0 11 3083 1024 0 3105 3072 0 33 0 0 33 0 0 0 0 0 0 0 0 0 0 0 0 3072 2059 1035 0 0 0 0 0 0 0 0 0 1057 2048 3072 33 0 98 2059 1035 11 3083 11 110 3083 0 0 0 0 1057 0 0 0 0 0 0 0 0 1057 0 0 0 0 0 0 0 0 0 0 0 0 0 0 0 0 0 0 0 0 0 0 0 0 0 0 0 0 0 0 0 0 0 0 0 0 0 0 0 0 0 0 0 0 0 0 0 0 0 0 0 0 0 0 0 0 0 0 0 0 0 0 0 0 0 0 0 0 0 0 0 0 0 0 0 0 0 0 0 0 0 0 0 0 0 0 0 0 0 0 0 0 0 0 0 
0 0 0 0 0 0 0 0 0 0 0 0 2059 1035 1135 1035 11 3083 0 3072 2059 1035 11 3083 0 2059 1035 0 0 0 0 1024 1024 2048 1057 0 3072 0 3072 0 3072 0 3170 0 98 0 2059 1035 11 3083 3072 0 0 0 0 0 0 33 0 33 0 0 0 0 0 0 0 0 0 0 1024 0 0 1024 1024 2048 1024 1024 2059 3083 0 0 0 11 110 1035 0 11 3083 0 0 2059 1035 0 0 0 0 0 1024 33 1024 1024 0 2059 1035 0 33 0 0 33 0 0 0 0 0 0 0 0 0 0 0 0 0 0 3105 0 0 0 0 0 0 0 0 0 1057 2048 3072 33 11 110 1035 2059 3083 11 3083 0 0 0 0 0 0 3105 0 0 0 0 0 0 0 0 3105 0 0 0 0 0 0 0 0 0 0 0 0 0 0 0 0 0 0 0 0 0 0 0 0 0 0 0 0 0 0 0 0 0 0 0 0 0 0 0 0 0 0 0 0 0 0 0 0 0 0 0 0 0 0 0 0 0 0 0 0 0 0 0 0 0 0 0 0 0 0 0 0 0 0 0 0 0 0 0 0 0 0 0 0 0 0 0 0 0 0 0 0 0 0 0 
0 0 0 0 0 0 0 0 0 0 0 0 3072 2059 3083 2059 48 2048 0 3072 3072 2059 3083 0 0 3072 2059 1035 0 0 0 1024 11 1035 1057 0 0 0 0 0 3072 0 0 11 110 1035 0 2059 3083 3072 3072 0 0 0 0 0 0 33 0 33 0 0 0 0 0 0 0 0 0 0 1024 0 1188 1187 1024 0 3072 3072 3072 0 0 0 0 33 0 33 0 1057 0 0 0 0 1057 0 0 0 0 0 0 33 0 0 0 1024 33 0 2059 1035 11 3083 0 0 0 0 0 0 0 0 0 0 0 0 0 0 3105 0 0 0 0 0 0 11 1035 0 2059 1035 11 3083 33 0 33 0 0 3105 0 0 0 1122 0 1024 11 3083 0 1024 1024 11 1035 0 1024 11 3083 0 0 0 0 0 0 0 0 0 0 0 0 0 0 0 0 0 0 0 0 0 0 0 0 0 0 0 0 0 0 0 0 0 0 0 0 0 0 0 0 0 0 0 0 0 0 0 0 0 0 0 0 0 0 0 0 0 0 0 0 0 0 0 0 0 0 0 0 0 0 0 0 0 0 0 0 0 0 0 0 0 0 0 0 0 0 0 0 0 0 0 0 0 0 0 
0 0 0 0 0 0 0 0 0 0 0 0 0 0 0 0 1057 1024 0 0 0 11 1035 0 0 0 0 1057 0 0 0 11 3083 2059 2096 0 0 3072 3072 3072 0 0 11 3083 0 2059 1035 0 0 0 0 0 0 0 0 0 0 2059 2158 3083 98 0 0 0 0 0 0 0 0 0 1024 1024 2211 1189 1187 0 2048 2048 2048 0 11 1035 1024 2059 2158 3083 0 1057 0 0 0 0 1057 0 0 0 1024 0 0 33 0 0 0 0 33 0 1024 2059 3083 0 0 0 0 0 0 0 0 0 0 0 1122 0 0 0 33 0 0 0 0 0 0 33 1057 0 1024 2059 3083 0 2059 2158 3083 0 0 33 0 0 11 110 1035 11 3083 11 1035 1024 11 3083 2059 1035 11 3083 0 0 0 0 0 0 0 0 0 0 0 0 0 0 0 0 0 0 0 0 0 0 0 0 0 0 0 0 0 0 0 0 0 0 0 0 0 0 0 0 0 0 0 0 0 0 0 0 0 0 0 0 0 0 0 0 0 0 0 0 0 0 0 0 0 0 0 0 0 0 0 0 0 0 0 0 0 0 0 0 0 0 0 0 0 0 0 0 0 0 0 0 0 0 0 0 
0 0 0 0 0 0 0 0 0 0 0 0 0 0 0 0 2059 1035 0 0 11 3083 2059 1035 0 0 0 1057 0 0 0 33 0 0 1057 0 3072 3072 3072 3072 0 11 3083 0 0 0 1057 0 0 0 0 0 0 0 0 0 0 0 3170 11 110 1035 0 0 0 0 0 0 0 0 1024 1024 1024 2211 2212 0 2048 2048 2048 11 3083 2059 1035 0 3170 0 2048 2059 1035 0 0 11 3083 0 0 0 0 0 0 33 0 0 0 0 33 0 0 0 0 0 0 0 0 0 0 0 0 0 0 11 110 1035 0 11 3083 0 98 0 0 0 0 2059 3083 0 0 0 0 0 0 3170 0 0 0 33 0 0 3105 0 2059 3083 11 3083 2059 2158 3083 1024 0 2059 3083 1024 0 0 0 0 0 0 0 0 0 0 0 0 0 0 0 0 0 0 0 0 0 0 0 0 0 0 0 0 0 0 0 0 0 0 0 0 0 0 0 0 0 0 0 0 0 0 0 0 0 0 0 0 0 0 0 0 0 0 0 0 0 0 0 0 0 0 0 0 0 0 0 0 0 0 0 0 0 0 0 0 0 0 0 0 0 0 0 0 0 0 0 0 0 0 0 0 
0 0 0 0 0 0 0 0 0 0 0 0 0 0 0 0 3072 2059 1035 0 3105 2048 0 3105 2048 0 0 2059 1035 0 0 3105 3072 0 3105 3072 3072 3072 3072 3072 99 79 1035 0 0 0 1057 0 0 0 0 0 0 0 0 0 0 0 11 3083 2048 2059 1035 0 0 0 11 1035 0 0 0 0 0 0 0 0 0 0 0 3105 0 0 3105 0 0 0 0 11 110 1035 11 3083 0 0 0 0 0 0 0 2059 1035 0 1024 11 3083 0 0 0 0 0 0 0 0 0 0 0 0 0 11 3083 0 2059 2158 3083 0 11 110 1035 0 0 0 0 0 2048 3072 3072 11 1035 2048 2048 3072 3072 11 3083 0 0 3105 0 0 0 3105 0 0 3105 0 0 0 0 0 0 0 0 0 0 0 0 0 0 0 0 0 0 0 0 0 0 0 0 0 0 0 0 0 0 0 0 0 0 0 0 0 0 0 0 0 0 0 0 0 0 0 0 0 0 0 0 0 0 0 0 0 0 0 0 0 0 0 0 0 0 0 0 0 0 0 0 0 0 0 0 0 0 0 0 0 0 0 0 0 0 0 0 0 0 0 0 0 0 0 0 0 0 0 0 0 0 
0 0 0 0 0 0 0 0 0 0 0 0 0 0 0 0 0 0 1057 0 3105 0 0 3105 2048 1024 1024 0 2059 1035 0 2059 1035 11 3083 0 0 0 0 0 1273 0 1057 0 0 0 1057 0 0 0 0 192 196 1216 0 0 0 0 3105 2048 2048 2048 3105 0 0 11 3083 2059 1035 0 0 0 0 0 0 0 1024 1024 1024 1057 1024 1024 1057 0 11 1035 2048 33 0 1072 3083 0 0 0 0 0 0 0 0 0 2059 1035 11 3083 1024 0 0 0 0 0 0 0 0 0 0 0 0 0 33 0 0 0 3170 0 0 33 0 33 0 0 0 11 1035 2048 3072 11 3083 2059 1035 2048 3072 11 3083 0 0 0 33 0 11 1035 3105 0 0 3105 0 0 0 0 0 0 0 0 0 0 0 0 0 0 0 0 0 0 0 0 0 0 0 0 0 0 0 0 0 0 0 0 0 0 0 0 0 0 0 0 0 0 0 0 0 0 0 0 0 0 0 0 0 0 0 0 0 0 0 0 0 0 0 0 0 0 0 0 0 0 0 0 0 0 0 0 0 0 0 0 0 0 0 0 0 0 0 0 0 0 0 0 0 0 0 0 0 0 0 0 0 0 
0 0 0 0 0 0 0 0 0 0 0 0 0 0 0 0 0 0 3105 0 2059 1035 11 3083 0 1024 11 1035 0 2059 1035 11 110 3083 0 0 0 0 0 0 0 0 1057 0 0 11 3083 0 0 0 3072 1224 199 200 0 0 0 0 3105 0 0 2048 3105 0 0 33 0 0 1057 0 0 0 0 0 0 0 3072 3072 0 2059 1035 11 3083 11 3083 2059 1035 1135 2158 3083 0 0 0 0 0 0 0 0 0 0 0 2059 3083 1024 1024 0 0 0 0 0 0 0 0 0 0 0 0 0 33 0 0 0 2048 0 0 2059 2158 3083 0 1024 11 3083 2059 1035 11 3083 3072 2048 2059 1035 11 3083 3072 0 0 0 2059 3182 3083 2059 2096 0 0 33 0 0 0 0 0 0 0 0 0 0 0 0 0 0 0 0 0 0 0 0 0 0 0 0 0 0 0 0 0 0 0 0 0 0 0 0 0 0 0 0 0 0 0 0 0 0 0 0 0 0 0 0 0 0 0 0 0 0 0 0 0 0 0 0 0 0 0 0 0 0 0 0 0 0 0 0 0 0 0 0 0 0 0 0 0 0 0 0 0 0 0 0 0 0 0 0 0 0 0 0 0 0 
0 0 0 0 0 0 0 0 0 0 0 0 0 0 0 0 0 0 3105 0 3072 2059 3083 2048 1122 11 3083 2059 1035 0 2059 3083 0 3072 0 0 0 0 0 0 1273 0 3105 0 11 3083 0 0 0 0 0 1224 2247 200 0 0 0 0 3105 0 0 0 3105 0 0 3105 0 0 3105 0 0 0 0 0 0 0 0 11 1035 2048 2059 3083 11 3083 0 0 2059 111 3170 0 0 0 0 0 0 0 0 0 0 0 0 0 0 0 0 0 0 0 0 0 0 0 0 0 0 0 0 0 33 0 0 0 11 1035 2048 1024 3170 0 0 11 3083 2048 0 2059 3083 0 0 1024 1024 2059 3083 0 0 0 0 0 2048 2146 3072 0 2059 1035 11 3083 0 0 0 0 0 0 0 0 0 0 0 0 0 0 0 0 0 0 0 0 0 0 0 0 0 0 0 0 0 0 0 0 0 0 0 0 0 0 0 0 0 0 0 0 0 0 0 0 0 0 0 0 0 0 0 0 0 0 0 0 0 0 0 0 0 0 0 0 0 0 0 0 0 0 0 0 0 0 0 0 0 0 0 0 0 0 0 0 0 0 0 0 0 0 0 0 0 0 0 0 0 0 
0 0 0 0 0 0 0 0 0 0 0 0 0 0 0 0 0 11 3083 11 1035 0 0 11 110 2096 0 1024 1057 0 0 3072 3072 0 0 0 0 0 0 0 0 0 3105 0 2081 0 0 0 0 0 0 2240 2244 3264 0 0 0 0 2059 1035 0 11 110 1035 0 2059 1035 11 3083 0 0 0 0 0 0 0 11 3083 2059 1035 1024 2048 3105 1024 0 0 0 3105 0 0 0 1024 1024 0 0 0 0 0 0 0 0 0 0 0 0 0 0 0 0 0 0 0 0 0 0 0 0 0 2059 1035 2048 11 3083 2059 1035 2048 0 1024 11 3083 0 0 0 0 0 0 0 0 0 0 1024 1024 1024 0 0 0 0 0 0 0 0 2059 3083 0 0 0 0 0 0 0 0 0 0 0 0 0 0 0 0 0 0 0 0 0 0 0 0 0 0 0 0 0 0 0 0 0 0 0 0 0 0 0 0 0 0 0 0 0 0 0 0 0 0 0 0 0 0 0 0 0 0 0 0 0 0 0 0 0 0 0 0 0 0 0 0 0 0 0 0 0 0 0 0 0 0 0 0 0 0 0 0 0 0 0 0 0 0 0 0 0 0 0 0 0 0 0 
0 0 0 0 0 0 0 0 0 0 0 0 0 0 0 0 11 3083 2048 33 1057 0 11 3083 2048 3105 0 3072 3105 0 0 1024 1024 0 0 3072 3072 3072 0 98 99 2127 3083 3072 2081 0 0 0 0 0 0 0 0 0 0 0 0 2048 3072 2059 2158 3083 3072 2059 1035 0 2059 3083 0 0 0 0 0 0 0 0 1057 0 0 1057 1024 1024 3105 1024 0 0 0 3105 0 0 0 1024 1024 0 0 0 0 0 0 0 0 0 0 0 0 0 0 0 0 0 0 0 0 0 0 0 0 0 2048 2059 2158 3083 3072 0 2059 1035 0 11 3083 2048 0 0 0 0 0 0 0 0 0 0 0 0 0 0 0 0 0 0 0 0 0 0 0 0 0 0 0 0 0 0 0 0 0 0 0 0 0 0 0 0 0 0 0 0 0 0 0 0 0 0 0 0 0 0 0 0 0 0 0 0 0 0 0 0 0 0 0 0 0 0 0 0 0 0 0 0 0 0 0 0 0 0 0 0 0 0 0 0 0 0 0 0 0 0 0 0 0 0 0 0 0 0 0 0 0 0 0 0 0 0 0 0 0 0 0 0 0 0 0 0 0 0 0 0 0 0 
0 0 0 0 0 0 0 0 0 0 0 0 0 0 0 0 1057 0 0 2059 3083 0 3105 0 0 2059 1035 11 3083 3072 1024 1024 1024 0 0 0 3072 11 3182 1134 1035 2059 1035 11 3083 3072 0 0 0 0 0 0 0 0 0 0 0 0 0 11 3083 3072 3072 3072 2059 1035 98 3072 3072 0 0 0 0 0 0 0 1057 1024 3072 1057 1024 1024 3105 0 0 0 0 3105 0 0 0 0 0 0 0 0 0 0 0 0 0 0 0 0 0 0 0 1024 1024 1024 1024 1024 1024 0 0 0 0 0 2048 2048 3170 2048 2048 0 0 2059 2158 3083 0 0 0 0 0 0 0 0 0 0 0 0 0 0 0 0 0 0 0 0 0 0 0 0 0 0 0 0 0 0 0 0 0 0 0 0 0 0 0 0 0 0 0 0 0 0 0 0 0 0 0 0 0 0 0 0 0 0 0 0 0 0 0 0 0 0 0 0 0 0 0 0 0 0 0 0 0 0 0 0 0 0 0 0 0 0 0 0 0 0 0 0 0 0 0 0 0 0 0 0 0 0 0 0 0 0 0 0 0 0 0 0 0 0 0 0 0 0 0 0 0 0 0 0 0 0 0 0 
0 0 0 0 0 0 2048 2048 2048 2048 1122 0 0 0 0 11 110 1035 0 0 0 0 3105 0 0 0 2059 48 0 0 0 0 0 0 0 0 11 3083 3105 3072 2081 0 2059 3083 0 0 0 0 0 0 0 0 0 0 0 0 0 0 0 1057 0 0 0 0 0 3120 110 1035 3072 0 0 0 0 0 0 0 3105 1024 3072 3105 1024 1024 1135 1035 0 0 11 3083 0 0 0 0 0 0 0 0 0 0 0 0 0 0 0 0 0 0 0 0 0 0 0 0 0 0 0 0 0 0 0 0 0 0 0 0 0 0 3170 0 0 0 0 0 0 0 0 0 0 0 0 0 0 0 0 0 0 0 0 0 0 0 0 0 0 0 0 0 0 0 0 0 0 0 0 0 0 0 0 0 0 0 0 0 0 0 0 0 0 0 0 0 0 0 0 0 0 0 0 0 0 0 0 0 0 0 0 0 0 0 0 0 0 0 0 0 0 0 0 0 0 0 0 0 0 0 0 0 0 0 0 0 0 0 0 0 0 0 0 0 0 0 0 0 0 0 0 0 0 0 0 0 0 0 0 0 0 0 0 0 0 0 0 0 0 0 0 0 
0 0 0 0 0 0 2048 2048 2048 11 1134 1035 0 0 11 3083 0 2059 1035 0 11 1035 3105 0 0 0 0 33 0 0 0 0 0 0 0 0 33 3072 2059 3182 3083 0 0 0 0 0 0 0 0 0 0 0 0 0 0 0 0 0 0 3105 0 0 0 0 11 3083 3072 2059 1035 0 0 0 0 0 0 0 2059 1035 0 2059 1035 11 3083 2059 1035 11 3083 0 0 0 0 0 0 0 0 0 0 0 0 0 0 0 0 0 0 0 0 0 0 0 0 0 0 0 0 0 0 0 0 0 0 0 0 0 0 0 0 0 0 0 0 0 0 0 0 0 0 0 0 0 0 0 0 0 0 0 0 0 0 0 0 0 0 0 0 0 0 0 0 0 0 0 0 0 0 0 0 0 0 0 0 0 0 0 0 0 0 0 0 0 0 0 0 0 0 0 0 0 0 0 0 0 0 0 0 0 0 0 0 0 0 0 0 0 0 0 0 0 0 0 0 0 0 0 0 0 0 0 0 0 0 0 0 0 0 0 0 0 0 0 0 0 0 0 0 0 0 0 0 0 0 0 0 0 0 0 0 0 0 0 0 0 0 0 0 0 
0 0 0 0 0 0 2048 1024 11 3083 3072 2059 1035 1024 3105 0 0 0 3105 0 33 3120 3083 0 0 0 0 33 0 0 0 0 0 0 0 0 2081 3072 3072 2081 0 0 0 0 1024 0 0 0 0 0 98 2048 0 0 0 0 0 3072 0 3105 3072 0 0 0 2081 0 0 1024 33 0 0 0 0 0 0 11 1035 2059 1035 2048 2059 3083 0 0 2059 3083 0 0 0 0 0 0 0 0 0 0 0 0 0 0 0 0 0 0 0 0 0 0 0 0 0 0 0 0 0 0 0 0 0 0 0 0 0 0 0 0 0 0 0 0 0 0 0 0 0 0 0 0 0 0 0 0 0 0 0 0 0 0 0 0 0 0 0 0 0 0 0 0 0 0 0 0 0 0 0 0 0 0 0 0 0 0 0 0 0 0 0 0 0 0 0 0 0 0 0 0 0 0 0 0 0 0 0 0 0 0 0 0 0 0 0 0 0 0 0 0 0 0 0 0 0 0 0 0 0 0 0 0 0 0 0 0 0 0 0 0 0 0 0 0 0 0 0 0 0 0 0 0 0 0 0 0 0 0 0 0 0 0 0 0 0 0 0 0 0 0 
0 0 0 0 0 0 2048 11 3083 3072 3072 98 2059 1035 3105 0 0 0 3105 0 1135 3083 2048 0 98 0 11 3083 0 0 0 0 0 0 0 0 2059 1035 11 3083 0 0 0 0 0 0 0 0 1024 11 110 1035 2048 0 0 0 0 0 0 2059 1035 0 0 0 1135 1035 0 11 3083 0 0 0 0 0 0 33 1057 1024 1057 0 0 0 0 0 0 0 0 0 0 0 0 0 0 0 0 0 0 0 0 0 0 0 0 0 0 0 0 0 0 0 0 0 0 0 0 0 0 0 0 0 0 0 0 0 0 0 0 0 0 0 0 0 0 0 0 0 0 0 0 0 0 0 0 0 0 0 0 0 0 0 0 0 0 0 0 0 0 0 0 0 0 0 0 0 0 0 0 0 0 0 0 0 0 0 0 0 0 0 0 0 0 0 0 0 0 0 0 0 0 0 0 0 0 0 0 0 0 0 0 0 0 0 0 0 0 0 0 0 0 0 0 0 0 0 0 0 0 0 0 0 0 0 0 0 0 0 0 0 0 0 0 0 0 0 0 0 0 0 0 0 0 0 0 0 0 0 0 0 0 0 0 0 0 0 0 0 
0 0 0 0 0 0 2048 1057 2048 2048 11 110 1035 2059 110 1035 0 11 3083 0 3105 1024 0 11 110 2158 3083 0 0 0 0 0 0 0 0 0 3072 2059 3083 3072 0 0 0 0 0 0 0 0 11 3083 0 2059 1035 0 0 0 0 0 0 1024 2059 1035 0 11 3083 2059 2158 3083 1024 0 0 0 0 0 0 2059 3083 0 1057 0 0 0 0 0 0 0 0 0 0 0 0 0 0 0 0 0 0 0 0 0 0 0 0 0 0 0 0 0 0 0 0 0 0 0 0 0 0 0 0 0 0 0 0 0 0 0 0 0 0 0 0 0 0 0 0 0 0 0 0 0 0 0 0 0 0 0 0 0 0 0 0 0 0 0 0 0 0 0 0 0 0 0 0 0 0 0 0 0 0 0 0 0 0 0 0 0 0 0 0 0 0 0 0 0 0 0 0 0 0 0 0 0 0 0 0 0 0 0 0 0 0 0 0 0 0 0 0 0 0 0 0 0 0 0 0 0 0 0 0 0 0 0 0 0 0 0 0 0 0 0 0 0 0 0 0 0 0 0 0 0 0 0 0 0 0 0 0 0 0 0 0 0 0 0 0 0 
0 0 0 0 0 0 0 3105 0 0 33 0 33 0 0 2059 2158 3083 0 0 3105 0 0 33 0 33 0 0 0 0 0 0 0 0 0 0 0 0 0 0 0 0 0 0 0 1024 11 1035 1057 0 0 0 1057 0 0 0 0 0 0 0 1024 2059 2158 3083 0 0 2146 1024 1024 0 0 0 0 0 0 0 1024 11 3083 0 0 0 0 0 0 0 0 0 0 0 0 0 0 0 0 0 0 0 0 0 0 0 0 0 0 0 0 0 0 0 0 0 0 0 0 0 0 0 0 0 0 0 0 0 0 0 0 0 0 0 0 0 0 0 0 0 0 0 0 0 0 0 0 0 0 0 0 0 0 0 0 0 0 0 0 0 0 0 0 0 0 0 0 0 0 0 0 0 0 0 0 0 0 0 0 0 0 0 0 0 0 0 0 0 0 0 0 0 0 0 0 0 0 0 0 0 0 0 0 0 0 0 0 0 0 0 0 0 0 0 0 0 0 0 0 0 0 0 0 0 0 0 0 0 0 0 0 0 0 0 0 0 0 0 0 0 0 0 0 0 0 0 0 0 0 0 0 0 0 0 0 0 0 0 0 0 
0 0 0 0 0 0 0 3105 0 0 2059 2158 3083 11 1035 0 3170 0 0 0 3105 0 0 2059 2158 110 1035 0 0 0 0 0 0 3072 2048 0 0 0 0 0 0 0 0 1024 98 11 3083 2059 2096 0 0 0 1057 0 0 0 0 0 1024 1024 0 0 2146 0 0 0 0 0 0 0 0 0 0 0 0 0 11 3083 3072 0 0 0 0 0 0 0 0 0 0 0 0 0 0 0 0 0 0 0 0 0 0 0 0 0 0 0 0 0 0 0 0 0 0 0 0 0 0 0 0 0 0 0 0 0 0 0 0 0 0 0 0 0 0 0 0 0 0 0 0 0 0 0 0 0 0 0 0 0 0 0 0 0 0 0 0 0 0 0 0 0 0 0 0 0 0 0 0 0 0 0 0 0 0 0 0 0 0 0 0 0 0 0 0 0 0 0 0 0 0 0 0 0 0 0 0 0 0 0 0 0 0 0 0 0 0 0 0 0 0 0 0 0 0 0 0 0 0 0 0 0 0 0 0 0 0 0 0 0 0 0 0 0 0 0 0 0 0 0 0 0 0 0 0 0 0 0 0 0 0 0 0 0 0 0 0 0 
0 0 0 0 0 0 0 2059 1035 1024 1024 3170 11 3083 2059 1035 1024 1024 0 1122 2059 1035 0 0 2146 0 1057 0 0 0 0 0 0 0 0 0 0 0 0 0 0 0 0 11 110 111 0 0 2059 1035 0 11 3083 0 0 0 0 0 0 0 1024 1024 0 0 0 0 0 0 0 0 0 0 0 0 0 0 1057 0 0 0 0 0 0 0 0 0 0 0 0 0 0 0 0 0 0 0 0 0 0 0 0 0 0 0 0 0 0 0 0 0 0 0 0 0 0 0 0 0 0 0 0 0 0 0 0 0 0 0 0 0 0 0 0 0 0 0 0 0 0 0 0 0 0 0 0 0 0 0 0 0 0 0 0 0 0 0 0 0 0 0 0 0 0 0 0 0 0 0 0 0 0 0 0 0 0 0 0 0 0 0 0 0 0 0 0 0 0 0 0 0 0 0 0 0 0 0 0 0 0 0 0 0 0 0 0 0 0 0 0 0 0 0 0 0 0 0 0 0 0 0 0 0 0 0 0 0 0 0 0 0 0 0 0 0 0 0 0 0 0 0 0 0 0 0 0 0 0 0 0 0 0 0 0 0 0 0 
0 0 0 0 0 0 0 3072 2059 1035 1024 11 3083 2048 3072 2059 1035 1024 11 1134 1035 2059 1035 0 0 0 33 0 0 0 0 0 0 3072 2048 0 0 0 1024 0 0 0 0 33 0 33 0 0 0 1072 2158 3083 0 0 0 0 0 0 0 0 0 0 0 0 0 0 0 0 0 0 0 0 0 0 0 0 3105 0 0 0 98 0 0 0 0 11 1035 0 0 0 0 0 0 0 0 0 0 0 0 0 0 0 0 0 0 0 0 0 0 0 0 0 0 0 0 0 0 0 0 0 0 0 0 0 0 0 0 0 0 0 0 0 0 0 0 0 0 0 0 0 0 0 0 0 0 0 0 0 0 0 0 0 0 0 0 0 0 0 0 0 0 0 0 0 0 0 0 0 0 0 0 0 0 0 0 0 0 0 0 0 0 0 0 0 0 0 0 0 0 0 0 0 0 0 0 0 0 0 0 0 0 0 0 0 0 0 0 0 0 0 0 0 0 0 0 0 0 0 0 0 0 0 0 0 0 0 0 0 0 0 0 0 0 0 0 0 0 0 0 0 0 0 0 0 0 0 0 0 0 0 0 0 0 0 0 0 
0 0 0 0 0 0 0 0 0 2059 3182 3083 1024 0 0 0 2059 3182 3083 3072 2059 1035 2059 1035 98 2048 2081 0 0 0 0 0 0 0 0 0 0 0 1024 98 0 2048 11 110 2158 3083 0 0 0 1057 2146 0 0 0 0 0 0 0 0 0 0 0 0 0 0 0 0 0 0 0 0 0 0 0 0 0 1057 0 0 11 110 1035 1024 0 11 3083 2059 1035 0 0 0 0 0 0 0 0 0 0 0 0 0 0 0 0 0 0 0 0 0 0 0 0 0 0 0 0 0 0 0 0 0 0 0 0 0 0 0 0 0 0 0 0 0 0 0 0 0 0 0 0 0 0 0 0 0 0 0 0 0 0 0 0 0 0 0 0 0 0 0 0 0 0 0 0 0 0 0 0 0 0 0 0 0 0 0 0 0 0 0 0 0 0 0 0 0 0 0 0 0 0 0 0 0 0 0 0 0 0 0 0 0 0 0 0 0 0 0 0 0 0 0 0 0 0 0 0 0 0 0 0 0 0 0 0 0 0 0 0 0 0 0 0 0 0 0 0 0 0 0 0 0 0 0 0 0 0 0 0 0 0 0 0 0 0 0 0 
0 0 0 0 0 0 0 0 0 0 3170 0 0 0 0 0 0 3170 0 0 0 3105 0 1135 110 3182 3083 0 0 0 0 11 1035 11 1035 0 0 0 11 110 1035 11 3083 0 3170 0 0 0 0 3105 0 2048 0 0 0 2048 1024 0 0 0 0 0 0 0 0 0 0 0 0 0 0 0 0 0 0 0 2059 1035 11 3083 98 2059 1035 11 48 0 0 33 0 0 0 0 0 0 0 0 0 0 0 0 0 0 0 0 0 0 0 0 0 0 0 0 0 0 0 0 0 0 0 0 0 0 0 0 0 0 0 0 0 0 0 0 0 0 0 0 0 0 0 0 0 0 0 0 0 0 0 0 0 0 0 0 0 0 0 0 0 0 0 0 0 0 0 0 0 0 0 0 0 0 0 0 0 0 0 0 0 0 0 0 0 0 0 0 0 0 0 0 0 0 0 0 0 0 0 0 0 0 0 0 0 0 0 0 0 0 0 0 0 0 0 0 0 0 0 0 0 0 0 0 0 0 0 0 0 0 0 0 0 0 0 0 0 0 0 0 0 0 0 0 0 0 0 0 0 0 0 0 0 0 0 0 0 0 0 0 
0 0 0 0 0 0 0 0 0 0 0 0 0 0 0 0 0 0 0 0 0 3105 0 33 0 33 0 0 0 0 11 3083 2059 2096 1057 0 0 0 1057 3072 2059 3083 0 0 0 98 0 0 11 3083 11 1035 0 0 0 0 0 0 0 0 0 0 0 0 0 0 0 0 0 0 0 0 0 0 0 0 0 2059 3083 11 110 1035 2059 3083 33 0 0 2081 0 0 0 0 0 0 0 0 0 0 0 0 0 0 0 0 0 0 0 0 0 0 0 0 0 0 0 0 0 0 0 0 0 0 0 0 0 0 0 0 0 0 0 0 0 0 0 0 0 0 0 0 0 0 0 0 0 0 0 0 0 0 0 0 0 0 0 0 0 0 0 0 0 0 0 0 0 0 0 0 0 0 0 0 0 0 0 0 0 0 0 0 0 0 0 0 0 0 0 0 0 0 0 0 0 0 0 0 0 0 0 0 0 0 0 0 0 0 0 0 0 0 0 0 0 0 0 0 0 0 0 0 0 0 0 0 0 0 0 0 0 0 0 0 0 0 0 0 0 0 0 0 0 0 0 0 0 0 0 0 0 0 0 0 0 0 0 0 
0 0 0 0 0 0 0 0 0 0 0 0 0 0 0 0 0 0 0 0 0 3105 0 2059 2158 3083 0 2048 0 11 3083 2048 0 2059 111 0 0 0 3105 3072 0 0 0 1024 11 110 1035 11 3083 11 3083 2059 1035 0 2048 0 0 11 1035 1024 1024 0 0 11 1035 1024 1024 0 0 0 11 1035 0 0 0 0 0 0 0 33 0 33 0 0 2059 1035 11 48 0 0 0 0 0 0 0 0 0 0 0 0 0 0 0 0 0 0 0 0 0 0 0 0 0 0 0 0 0 0 0 0 0 0 0 0 0 0 0 0 0 0 0 0 0 0 0 0 0 0 0 0 0 0 0 0 0 0 0 0 0 0 0 0 0 0 0 0 0 0 0 0 0 0 0 0 0 0 0 0 0 0 0 0 0 0 0 0 0 0 0 0 0 0 0 0 0 0 0 0 0 0 0 0 0 0 0 0 0 0 0 0 0 0 0 0 0 0 0 0 0 0 0 0 0 0 0 0 0 0 0 0 0 0 0 0 0 0 0 0 0 0 0 0 0 0 0 0 0 0 0 0 0 0 0 0 0 0 0 0 0 0 0 0 0 0 0 0 
0 0 0 0 0 0 0 0 0 0 0 0 0 0 0 0 0 0 0 0 0 3105 0 0 2146 2048 11 1035 2048 1057 2048 2048 1024 0 3105 0 0 11 3083 0 0 0 0 11 3083 0 2059 3083 0 1057 0 0 1057 0 1024 1024 11 3083 2059 1035 1024 1024 11 3083 2059 1035 11 1035 2048 1024 33 1057 0 0 0 0 0 0 0 2059 2158 3083 0 0 3072 2059 3083 33 0 0 0 0 0 0 0 0 0 0 0 0 0 0 0 0 0 0 0 0 0 0 0 0 0 0 0 0 0 0 0 0 0 0 0 0 0 0 0 0 0 0 0 0 0 0 0 0 0 0 0 0 0 0 0 0 0 0 0 0 0 0 0 0 0 0 0 0 0 0 0 0 0 0 0 0 0 0 0 0 0 0 0 0 0 0 0 0 0 0 0 0 0 0 0 0 0 0 0 0 0 0 0 0 0 0 0 0 0 0 0 0 0 0 0 0 0 0 0 0 0 0 0 0 0 0 0 0 0 0 0 0 0 0 0 0 0 0 0 0 0 0 0 0 0 0 0 0 0 0 0 0 0 0 0 0 0 0 0 0 0 0 0 0 0 0 0 0 
0 0 0 0 0 0 0 0 0 0 0 0 0 0 0 0 0 0 0 0 0 3105 0 0 0 2048 33 1057 2048 1057 2048 2048 3072 3072 1057 0 11 3083 0 0 0 1024 11 3083 1024 11 1035 0 0 3105 0 0 3105 0 0 11 48 0 0 1057 1024 1024 1057 0 0 3120 3083 2059 1035 1024 2059 3083 0 11 1035 11 1035 0 0 0 3170 0 98 0 0 0 0 2081 0 0 0 0 0 0 0 0 0 0 0 0 0 0 0 0 0 0 0 0 0 0 0 0 0 0 0 0 0 0 0 0 0 0 0 0 0 0 0 0 0 0 0 0 0 0 0 0 0 0 0 0 0 0 0 0 0 0 0 0 0 0 0 0 0 0 0 0 0 0 0 0 0 0 0 0 0 0 0 0 0 0 0 0 0 0 0 0 0 0 0 0 0 0 0 0 0 0 0 0 0 0 0 0 0 0 0 0 0 0 0 0 0 0 0 0 0 0 0 0 0 0 0 0 0 0 0 0 0 0 0 0 0 0 0 0 0 0 0 0 0 0 0 0 0 0 0 0 0 0 0 0 0 0 0 0 0 0 0 0 0 0 0 0 0 0 0 0 
0 0 0 0 0 0 0 0 0 0 0 0 0 0 0 0 0 0 0 0 0 3105 1024 0 11 1035 2059 3083 0 2059 1035 3072 2048 11 3083 2048 3105 0 0 0 0 0 3105 0 0 33 1057 0 0 2059 1035 11 3083 0 11 3083 3105 0 0 3105 0 0 3105 1024 0 3105 3072 2048 2059 1035 0 0 11 3083 2059 111 2059 1035 0 0 11 3182 1134 1035 0 0 11 3083 0 0 0 0 0 0 0 0 0 0 0 0 0 0 0 0 0 0 0 0 0 0 0 0 0 0 0 0 0 0 0 0 0 0 0 0 0 0 0 0 0 0 0 0 0 0 0 0 0 0 0 0 0 0 0 0 0 0 0 0 0 0 0 0 0 0 0 0 0 0 0 0 0 0 0 0 0 0 0 0 0 0 0 0 0 0 0 0 0 0 0 0 0 0 0 0 0 0 0 0 0 0 0 0 0 0 0 0 0 0 0 0 0 0 0 0 0 0 0 0 0 0 0 0 0 0 0 0 0 0 0 0 0 0 0 0 0 0 0 0 0 0 0 0 0 0 0 0 0 0 0 0 0 0 0 0 0 0 0 0 0 0 0 0 0 0 0 0 
0 0 0 0 0 0 0 0 0 0 0 0 0 0 0 0 0 0 0 0 0 2059 1035 11 3083 2059 1035 2048 0 0 2059 1035 11 3083 0 0 3105 0 0 0 0 0 3105 0 0 2059 3083 0 11 1035 2059 3083 0 0 3105 1024 2059 1035 11 110 1035 2048 2059 1035 11 3083 0 1024 0 3105 0 0 33 1024 1024 33 0 1057 2048 11 3083 3105 0 3120 1035 11 3083 0 0 0 0 0 0 0 0 0 0 0 0 0 0 0 0 0 0 0 0 0 0 0 0 0 0 0 0 0 0 0 0 0 0 0 0 0 0 0 0 0 0 0 0 0 0 0 0 0 0 0 0 0 0 0 0 0 0 0 0 0 0 0 0 0 0 0 0 0 0 0 0 0 0 0 0 0 0 0 0 0 0 0 0 0 0 0 0 0 0 0 0 0 0 0 0 0 0 0 0 0 0 0 0 0 0 0 0 0 0 0 0 0 0 0 0 0 0 0 0 0 0 0 0 0 0 0 0 0 0 0 0 0 0 0 0 0 0 0 0 0 0 0 0 0 0 0 0 0 0 0 0 0 0 0 0 0 0 0 0 0 0 0 0 0 0 0 0 0 
0 0 0 0 0 0 0 0 0 0 0 0 0 0 0 0 0 0 0 0 0 3072 2059 3083 2048 2048 1057 0 0 0 1024 2059 3083 0 0 0 2059 1035 0 0 0 0 2059 1035 0 0 0 11 3083 2059 1035 0 0 0 3105 1024 1024 2059 3083 2048 2059 1035 11 1134 110 1035 2048 1024 0 3105 0 0 2081 1024 1024 2081 0 3105 2048 33 0 2059 3182 3083 2059 3083 0 0 0 0 0 0 0 0 0 0 0 0 0 0 0 0 0 0 0 0 0 0 0 0 0 0 0 0 0 0 0 0 0 0 0 0 0 0 0 0 0 0 0 0 0 0 0 0 0 0 0 0 0 0 0 0 0 0 0 0 0 0 0 0 0 0 0 0 0 0 0 0 0 0 0 0 0 0 0 0 0 0 0 0 0 0 0 0 0 0 0 0 0 0 0 0 0 0 0 0 0 0 0 0 0 0 0 0 0 0 0 0 0 0 0 0 0 0 0 0 0 0 0 0 0 0 0 0 0 0 0 0 0 0 0 0 0 0 0 0 0 0 0 0 0 0 0 0 0 0 0 0 0 0 0 0 0 0 0 0 0 0 0 0 0 0 0 0 0 0 
0 0 0 0 0 0 0 0 0 0 0 0 0 0 0 0 0 0 0 0 0 0 0 0 2048 2048 33 0 0 0 2048 11 1035 1024 0 11 3182 1134 1035 0 0 0 2048 2059 1035 0 0 33 0 0 1057 0 0 11 3083 1024 1024 1024 1024 2048 2048 2059 2096 3072 3072 3105 0 1024 0 3105 0 11 1134 1035 11 3083 0 1057 2048 2081 0 0 2081 0 0 0 0 0 0 0 0 0 0 0 0 0 0 0 0 0 0 0 0 0 0 0 0 0 0 0 0 0 0 0 0 0 0 0 0 0 0 0 0 0 0 0 0 0 0 0 0 0 0 0 0 0 0 0 0 0 0 0 0 0 0 0 0 0 0 0 0 0 0 0 0 0 0 0 0 0 0 0 0 0 0 0 0 0 0 0 0 0 0 0 0 0 0 0 0 0 0 0 0 0 0 0 0 0 0 0 0 0 0 0 0 0 0 0 0 0 0 0 0 0 0 0 0 0 0 0 0 0 0 0 0 0 0 0 0 0 0 0 0 0 0 0 0 0 0 0 0 0 0 0 0 0 0 0 0 0 0 0 0 0 0 0 0 0 0 0 0 0 0 0 0 0 
0 0 0 0 0 0 0 0 0 0 0 0 0 0 0 0 0 0 0 0 0 0 11 1035 2048 2048 33 0 0 0 0 33 1057 0 11 3083 3105 0 1072 1035 0 0 0 0 3105 0 0 3105 0 0 3105 0 11 3083 0 0 0 0 0 0 0 0 3105 1024 1024 3105 0 0 11 3083 0 1057 0 2059 3083 0 0 2059 1035 2059 1035 11 3083 0 0 0 0 0 0 0 0 0 0 0 0 0 0 0 0 0 0 0 0 0 0 0 0 0 0 0 0 0 0 0 0 0 0 0 0 0 0 0 0 0 0 0 0 0 0 0 0 0 0 0 0 0 0 0 0 0 0 0 0 0 0 0 0 0 0 0 0 0 0 0 0 0 0 0 0 0 0 0 0 0 0 0 0 0 0 0 0 0 0 0 0 0 0 0 0 0 0 0 0 0 0 0 0 0 0 0 0 0 0 0 0 0 0 0 0 0 0 0 0 0 0 0 0 0 0 0 0 0 0 0 0 0 0 0 0 0 0 0 0 0 0 0 0 0 0 0 0 0 0 0 0 0 0 0 0 0 0 0 0 0 0 0 0 0 0 0 0 0 0 0 0 0 
0 0 0 0 0 0 0 0 0 0 0 0 0 0 0 0 0 0 0 0 0 11 3083 2059 1035 11 3083 11 1035 0 0 2059 3083 0 2081 0 2059 3182 3083 2059 1035 0 0 0 3105 0 0 2059 1035 11 3083 0 3105 0 0 0 0 0 0 0 0 0 2059 1035 11 3083 0 11 3083 0 0 3105 0 0 0 0 0 0 2059 2158 110 3083 0 0 0 0 0 0 0 0 0 0 0 0 0 0 0 0 0 0 0 0 0 0 0 0 0 0 0 0 0 0 0 0 0 0 0 0 0 0 0 0 0 0 0 0 0 0 0 0 0 0 0 0 0 0 0 0 0 0 0 0 0 0 0 0 0 0 0 0 0 0 0 0 0 0 0 0 0 0 0 0 0 0 0 0 0 0 0 0 0 0 0 0 0 0 0 0 0 0 0 0 0 0 0 0 0 0 0 0 0 0 0 0 0 0 0 0 0 0 0 0 0 0 0 0 0 0 0 0 0 0 0 0 0 0 0 0 0 0 0 0 0 0 0 0 0 0 0 0 0 0 0 0 0 0 0 0 0 0 0 0 0 0 0 0 0 0 0 0 0 0 0 0 0 0 
0 0 0 0 0 0 0 0 0 0 0 0 0 0 0 0 0 0 0 0 11 3083 0 0 2059 3083 11 3083 2059 1035 0 0 98 0 2081 0 0 2081 0 2048 2059 1035 0 11 3083 0 0 0 2059 3083 98 0 3105 1024 0 0 0 0 0 0 0 0 1024 2059 3083 0 0 3105 0 0 0 1057 0 0 0 0 0 0 0 2146 0 0 0 0 0 0 0 0 0 0 0 0 0 0 0 0 0 0 0 0 0 0 0 0 0 0 0 0 0 0 0 0 0 0 0 0 0 0 0 0 0 0 0 0 0 0 0 0 0 0 0 0 0 0 0 0 0 0 0 0 0 0 0 0 0 0 0 0 0 0 0 0 0 0 0 0 0 0 0 0 0 0 0 0 0 0 0 0 0 0 0 0 0 0 0 0 0 0 0 0 0 0 0 0 0 0 0 0 0 0 0 0 0 0 0 0 0 0 0 0 0 0 0 0 0 0 0 0 0 0 0 0 0 0 0 0 0 0 0 0 0 0 0 0 0 0 0 0 0 0 0 0 0 0 0 0 0 0 0 0 0 0 0 0 0 0 0 0 0 0 0 0 0 0 0 0 
0 0 0 0 0 0 0 0 0 0 0 0 0 0 0 0 0 0 0 0 1057 0 0 0 0 0 1057 0 0 1057 0 11 110 1035 2059 1035 11 3083 0 0 0 2059 2158 3083 3072 0 98 0 0 11 110 1035 2059 1035 1024 0 11 1035 1024 0 1024 0 11 1035 1024 0 0 3105 0 0 11 3083 0 0 0 0 0 0 0 0 0 0 0 0 0 0 0 0 0 0 0 0 0 0 0 0 0 0 0 0 0 0 0 0 0 0 0 0 0 0 0 0 0 0 0 0 0 0 0 0 0 0 0 0 0 0 0 0 0 0 0 0 0 0 0 0 0 0 0 0 0 0 0 0 0 0 0 0 0 0 0 0 0 0 0 0 0 0 0 0 0 0 0 0 0 0 0 0 0 0 0 0 0 0 0 0 0 0 0 0 0 0 0 0 0 0 0 0 0 0 0 0 0 0 0 0 0 0 0 0 0 0 0 0 0 0 0 0 0 0 0 0 0 0 0 0 0 0 0 0 0 0 0 0 0 0 0 0 0 0 0 0 0 0 0 0 0 0 0 0 0 0 0 0 0 0 0 0 0 0 0 0 0 0 0 0 
0 2048 0 0 0 0 0 0 0 0 0 0 0 0 0 0 0 0 0 0 3105 0 0 0 0 0 3105 0 0 3105 0 33 0 33 0 2059 3083 0 0 0 11 1035 2146 0 2048 11 110 1035 1024 33 0 33 1024 2059 1035 11 3083 2059 1035 1024 0 11 3083 2059 1035 1024 1024 3105 0 11 3083 0 0 0 0 0 0 0 0 0 0 0 0 0 0 0 0 0 0 0 0 0 0 0 0 0 0 0 0 0 0 0 0 0 0 0 0 0 0 0 0 0 0 0 0 0 0 0 0 0 0 0 0 0 0 0 0 0 0 0 0 0 0 0 0 0 0 0 0 0 0 0 0 0 0 0 0 0 0 0 0 0 0 0 0 0 0 0 0 0 0 0 0 0 0 0 0 0 0 0 0 0 0 0 0 0 0 0 0 0 0 0 0 0 0 0 0 0 0 0 0 0 0 0 0 0 0 0 0 0 0 0 0 0 0 0 0 0 0 0 0 0 0 0 0 0 0 0 0 0 0 0 0 0 0 0 0 0 0 0 0 0 0 0 0 0 0 0 0 0 0 0 0 0 0 0 0 0 0 0 0 0 0 0 0 0 
0 2048 0 0 0 0 0 0 0 0 0 0 0 0 0 0 0 0 0 0 1057 0 0 0 0 0 2059 1035 11 3083 0 2059 2158 3083 0 0 0 0 0 11 3083 2059 1035 0 11 3083 0 2059 1035 2059 2158 3083 0 0 2059 3083 0 1024 2059 1035 11 3083 0 1024 2059 1035 11 3083 0 1057 0 0 0 0 0 0 0 0 0 0 0 0 0 0 0 0 0 0 0 0 0 0 0 0 0 0 0 0 0 0 0 0 0 0 0 0 0 0 0 0 0 0 0 0 0 0 0 0 0 0 0 0 0 0 0 0 0 0 0 0 0 0 0 0 0 0 0 0 0 0 0 0 0 0 0 0 0 0 0 0 0 0 0 0 0 0 0 0 0 0 0 0 0 0 0 0 0 0 0 0 0 0 0 0 0 0 0 0 0 0 0 0 0 0 0 0 0 0 0 0 0 0 0 0 0 0 0 0 0 0 0 0 0 0 0 0 0 0 0 0 0 0 0 0 0 0 0 0 0 0 0 0 0 0 0 0 0 0 0 0 0 0 0 0 0 0 0 0 0 0 0 0 0 0 0 0 0 0 0 0 0 0 0 0 0 0 
0 0 0 0 0 0 0 0 0 0 0 0 0 0 0 0 0 0 0 0 3105 0 0 0 0 0 0 2059 3083 0 0 0 3170 0 0 0 0 1024 1024 33 0 0 1057 0 1057 0 0 1024 3105 0 3170 0 0 0 0 1024 1024 0 0 2059 3083 1024 1024 0 0 2059 3083 0 0 3105 0 0 0 0 0 0 0 0 0 0 0 0 0 0 0 0 0 0 0 0 0 0 0 0 0 0 0 0 0 0 0 0 0 0 0 0 0 0 0 0 0 0 0 0 0 0 0 0 0 0 0 0 0 0 0 0 0 0 0 0 0 0 0 0 0 0 0 0 0 0 0 0 0 0 0 0 0 0 0 0 0 0 0 0 0 0 0 0 0 0 0 0 0 0 0 0 0 0 0 0 0 0 0 0 0 0 0 0 0 0 0 0 0 0 0 0 0 0 0 0 0 0 0 0 0 0 0 0 0 0 0 0 0 0 0 0 0 0 0 0 0 0 0 0 0 0 0 0 0 0 0 0 0 0 0 0 0 0 0 0 0 0 0 0 0 0 0 0 0 0 0 0 0 0 0 0 0 0 0 0 0 0 0 0 0 0 
0 0 0 0 0 0 0 0 0 0 0 0 0 0 0 0 0 0 0 0 2059 1035 2048 3072 11 1035 0 0 0 0 0 1024 11 1035 2048 3072 11 1035 0 3105 0 0 3105 0 3105 0 0 0 1057 0 0 0 0 0 0 0 0 0 0 0 1024 1024 1024 0 0 0 0 0 0 1057 0 0 0 0 0 0 0 0 0 0 0 0 0 0 0 0 0 0 0 0 0 0 0 0 0 0 0 0 0 0 0 0 0 0 0 0 0 0 0 0 0 0 0 0 0 0 0 0 0 0 0 0 0 0 0 0 0 0 0 0 0 0 0 0 0 0 0 0 0 0 0 0 0 0 0 0 0 0 0 0 0 0 0 0 0 0 0 0 0 0 0 0 0 0 0 0 0 0 0 0 0 0 0 0 0 0 0 0 0 0 0 0 0 0 0 0 0 0 0 0 0 0 0 0 0 0 0 0 0 0 0 0 0 0 0 0 0 0 0 0 0 0 0 0 0 0 0 0 0 0 0 0 0 0 0 0 0 0 0 0 0 0 0 0 0 0 0 0 0 0 0 0 0 0 0 0 0 0 0 0 0 0 0 0 0 0 
0 0 0 0 0 0 0 0 0 0 0 0 0 0 0 0 0 0 0 0 2048 2059 1035 11 3083 2059 1035 0 0 0 0 11 3083 2059 1035 11 3083 2059 1035 2059 1035 11 3083 0 3105 0 0 0 3105 0 0 0 0 0 0 0 0 0 0 0 3072 3072 3072 2048 2048 2048 0 0 11 3083 0 0 0 0 0 0 0 0 0 0 0 0 0 0 0 0 0 0 0 0 0 0 0 0 0 0 0 0 0 0 0 0 0 0 0 0 0 0 0 0 0 0 0 0 0 0 0 0 0 0 0 0 0 0 0 0 0 0 0 0 0 0 0 0 0 0 0 0 0 0 0 0 0 0 0 0 0 0 0 0 0 0 0 0 0 0 0 0 0 0 0 0 0 0 0 0 0 0 0 0 0 0 0 0 0 0 0 0 0 0 0 0 0 0 0 0 0 0 0 0 0 0 0 0 0 0 0 0 0 0 0 0 0 0 0 0 0 0 0 0 0 0 0 0 0 0 0 0 0 0 0 0 0 0 0 0 0 0 0 0 0 0 0 0 0 0 0 0 0 0 0 0 0 0 0 0 0 0 0 0 0 0 0 0 0 0 
0 0 0 0 0 0 0 0 0 0 0 0 0 0 0 0 0 0 0 0 2048 2048 2059 3083 3072 0 1057 0 0 0 0 33 1024 2048 2059 3083 3072 0 33 0 2059 3083 0 0 1057 0 0 0 3105 1024 0 1024 0 11 1035 3072 3072 2048 2048 11 1035 3072 3072 2048 2048 11 1035 11 3083 0 0 0 0 0 0 0 0 0 0 0 0 0 0 0 0 0 0 0 0 0 0 0 0 0 0 0 0 0 0 0 0 0 0 0 0 0 0 0 0 0 0 0 0 0 0 0 0 0 0 0 0 0 0 0 0 0 0 0 0 0 0 0 0 0 0 0 0 0 0 0 0 0 0 0 0 0 0 0 0 0 0 0 0 0 0 0 0 0 0 0 0 0 0 0 0 0 0 0 0 0 0 0 0 0 0 0 0 0 0 0 0 0 0 0 0 0 0 0 0 0 0 0 0 0 0 0 0 0 0 0 0 0 0 0 0 0 0 0 0 0 0 0 0 0 0 0 0 0 0 0 0 0 0 0 0 0 0 0 0 0 0 0 0 0 0 0 0 0 0 0 0 0 0 0 0 0 0 0 0 0 0 0 0 0 0 0 
0 0 0 0 0 0 0 0 0 0 0 0 0 0 0 0 0 0 0 0 0 0 0 0 0 0 3105 1024 1024 1024 1024 2081 1024 1024 1024 0 0 0 2081 0 0 0 0 0 3105 0 0 0 2059 1035 1024 0 11 3083 2059 1035 2048 3072 11 3083 2059 1035 2048 3072 11 3083 2059 3083 0 0 0 0 0 0 0 0 0 0 0 0 0 0 0 0 0 0 0 0 0 0 0 0 0 0 0 0 0 0 0 0 0 0 0 0 0 0 0 0 0 0 0 0 0 0 0 0 0 0 0 0 0 0 0 0 0 0 0 0 0 0 0 0 0 0 0 0 0 0 0 0 0 0 0 0 0 0 0 0 0 0 0 0 0 0 0 0 0 0 0 0 0 0 0 0 0 0 0 0 0 0 0 0 0 0 0 0 0 0 0 0 0 0 0 0 0 0 0 0 0 0 0 0 0 0 0 0 0 0 0 0 0 0 0 0 0 0 0 0 0 0 0 0 0 0 0 0 0 0 0 0 0 0 0 0 0 0 0 0 0 0 0 0 0 0 0 0 0 0 0 0 0 0 0 0 0 0 0 0 0 0 0 0 0 0 0 0 
0 0 0 0 0 0 0 0 0 0 0 0 0 0 0 0 0 0 0 0 0 0 0 0 0 0 1057 1024 1024 1024 1024 33 1024 1024 1024 0 0 0 2059 1035 2048 0 0 11 3083 0 0 0 1024 2059 1035 11 3083 0 2048 2059 1035 11 3083 3072 2048 2059 1035 11 3083 3072 1024 0 0 0 0 0 0 0 0 0 0 0 0 0 0 0 0 0 0 0 0 0 0 0 0 0 0 0 0 0 0 0 0 0 0 0 0 0 0 0 0 0 0 0 0 0 0 0 0 0 0 0 0 0 0 0 0 0 0 0 0 0 0 0 0 0 0 0 0 0 0 0 0 0 0 0 0 0 0 0 0 0 0 0 0 0 0 0 0 0 0 0 0 0 0 0 0 0 0 0 0 0 0 0 0 0 0 0 0 0 0 0 0 0 0 0 0 0 0 0 0 0 0 0 0 0 0 0 0 0 0 0 0 0 0 0 0 0 0 0 0 0 0 0 0 0 0 0 0 0 0 0 0 0 0 0 0 0 0 0 0 0 0 0 0 0 0 0 0 0 0 0 0 0 0 0 0 0 0 0 0 0 0 0 0 0 0 0 0 0 
0 0 0 0 0 0 0 0 0 0 0 0 0 0 0 0 0 0 0 0 0 0 0 0 0 0 3105 1024 1024 1024 1024 2081 1024 1024 1024 0 0 0 0 2059 1035 0 11 3083 0 0 0 0 0 0 2059 3083 1024 1024 3072 2048 2059 3083 3072 2048 1024 1024 2059 3083 0 0 0 0 0 0 0 0 0 0 0 0 0 0 0 0 0 0 0 0 0 0 0 0 0 0 0 0 0 0 0 0 0 0 0 0 0 0 0 0 0 0 0 0 0 0 0 0 0 0 0 0 0 0 0 0 0 0 0 0 0 0 0 0 0 0 0 0 0 0 0 0 0 0 0 0 0 0 0 0 0 0 0 0 0 0 0 0 0 0 0 0 0 0 0 0 0 0 0 0 0 0 0 0 0 0 0 0 0 0 0 0 0 0 0 0 0 0 0 0 0 0 0 0 0 0 0 0 0 0 0 0 0 0 0 0 0 0 0 0 0 0 0 0 0 0 0 0 0 0 0 0 0 0 0 0 0 0 0 0 0 0 0 0 0 0 0 0 0 0 0 0 0 0 0 0 0 0 0 0 0 0 0 0 0 0 0 0 0 0 0 0 
0 0 0 0 0 0 0 0 0 0 0 0 0 0 0 0 0 0 0 0 0 0 0 0 0 0 2059 1035 2048 3072 11 3083 0 0 0 0 0 0 0 2048 2059 2158 3083 0 0 0 0 0 0 0 0 0 0 0 0 0 0 0 0 0 0 0 0 0 0 0 0 0 0 0 0 0 0 0 0 0 0 0 0 0 0 0 0 0 0 0 0 0 0 0 0 0 0 0 0 0 0 0 0 0 0 0 0 0 0 0 0 0 0 0 0 0 0 0 0 0 0 0 0 0 0 0 0 0 0 0 0 0 0 0 0 0 0 0 0 0 0 0 0 0 0 0 0 0 0 0 0 0 0 0 0 0 0 0 0 0 0 0 0 0 0 0 0 0 0 0 0 0 0 0 0 0 0 0 0 0 0 0 0 0 0 0 0 0 0 0 0 0 0 0 0 0 0 0 0 0 0 0 0 0 0 0 0 0 0 0 0 0 0 0 0 0 0 0 0 0 0 0 0 0 0 0 0 0 0 0 0 0 0 0 0 0 0 0 0 0 0 0 0 0 0 0 0 0 0 0 0 0 0 0 0 0 0 0 0 0 
0 0 0 0 0 0 0 0 0 0 0 0 0 0 0 0 0 0 0 0 0 0 0 0 0 0 0 2059 1035 11 3083 3072 0 0 0 0 0 0 0 0 0 2146 0 0 0 0 0 0 0 0 0 0 0 0 0 0 0 0 0 0 0 0 0 0 0 0 0 0 0 0 0 0 0 0 0 0 0 0 0 0 0 0 0 0 0 0 0 0 0 0 0 0 0 0 0 0 0 0 0 0 0 0 0 0 0 0 0 0 0 0 0 0 0 0 0 0 0 0 0 0 0 0 0 0 0 0 0 0 0 0 0 0 0 0 0 0 0 0 0 0 0 0 0 0 0 0 0 0 0 0 0 0 0 0 0 0 0 0 0 0 0 0 0 0 0 0 0 0 0 0 0 0 0 0 0 0 0 0 0 0 0 0 0 0 0 0 0 0 0 0 0 0 0 0 0 0 0 0 0 0 0 0 0 0 0 0 0 0 0 0 0 0 0 0 0 0 0 0 0 0 0 0 0 0 0 0 0 0 0 0 0 0 0 0 0 0 0 0 0 0 0 0 0 0 0 0 0 0 0 0 0 0 0 0 0 0 
0 0 0 0 0 0 0 0 0 0 0 0 0 0 0 0 0 0 0 0 0 0 0 0 0 0 0 2048 2059 3083 3072 3072 0 0 0 0 0 0 0 0 0 0 0 0 0 0 0 0 0 0 0 0 0 0 0 0 0 0 0 0 0 0 0 0 0 0 0 0 0 0 0 0 0 0 0 0 0 0 0 0 0 0 0 0 0 0 0 0 0 0 0 0 0 0 0 0 0 0 0 0 0 0 0 0 0 0 0 0 0 0 0 0 0 0 0 0 0 0 0 0 0 0 0 0 0 0 0 0 0 0 0 0 0 0 0 0 0 0 0 0 0 0 0 0 0 0 0 0 0 0 0 0 0 0 0 0 0 0 0 0 0 0 0 0 0 0 0 0 0 0 0 0 0 0 0 0 0 0 0 0 0 0 0 0 0 0 0 0 0 0 0 0 0 0 0 0 0 0 0 0 0 0 0 0 0 0 0 0 0 0 0 0 0 0 0 0 0 0 0 0 0 0 0 0 0 0 0 0 0 0 0 0 0 0 0 0 0 0 0 0 0 0 0 0 0 0 0 0 0 0 0 0 0 0 0 0 
0 0 0 0 0 0 0 0 0 0 0 0 0 0 0 0 0 0 0 0 0 0 0 0 0 0 0 1024 1024 1024 1024 1024 0 0 0 0 0 0 0 0 0 0 0 0 0 0 0 0 0 0 0 0 0 0 0 0 0 0 0 0 0 0 0 0 0 0 0 0 0 0 0 0 0 0 0 0 0 0 0 0 0 0 0 0 0 0 0 0 0 0 0 0 0 0 0 0 0 0 0 0 0 0 0 0 0 0 0 0 0 0 0 0 0 0 0 0 0 0 0 0 0 0 0 0 0 0 0 0 0 0 0 0 0 0 0 0 0 0 0 0 0 0 0 0 0 0 0 0 0 0 0 0 0 0 0 0 0 0 0 0 0 0 0 0 0 0 0 0 0 0 0 0 0 0 0 0 0 0 0 0 0 0 0 0 0 0 0 0 0 0 0 0 0 0 0 0 0 0 0 0 0 0 0 0 0 0 0 0 0 0 0 0 0 0 0 0 0 0 0 0 0 0 0 0 0 0 0 0 0 0 0 0 0 0 0 0 0 0 0 0 0 0 0 0 0 0 0 0 0 0 0 0 0 0 0 0 
0 0 0 0 0 0 0 0 0 0 0 0 0 0 0 0 0 0 0 0 0 0 0 0 0 0 0 0 0 0 0 0 0 0 0 0 0 0 0 0 0 0 0 0 0 0 0 0 0 0 0 0 0 0 0 0 0 0 0 0 0 0 0 0 0 0 0 0 0 0 0 0 0 0 0 0 0 0 0 0 0 0 0 0 0 0 0 0 0 0 0 0 0 0 0 0 0 0 0 0 0 0 0 0 0 0 0 0 0 0 0 0 0 0 0 0 0 0 0 0 0 0 0 0 0 0 0 0 0 0 0 0 0 0 0 0 0 0 0 0 0 0 0 0 0 0 0 0 0 0 0 0 0 0 0 0 0 0 0 0 0 0 0 0 0 0 0 0 0 0 0 0 0 0 0 0 0 0 0 0 0 0 0 0 0 0 0 0 0 0 0 0 0 0 0 0 0 0 0 0 0 0 0 0 0 0 0 0 0 0 0 0 0 0 0 0 0 0 0 0 0 0 0 0 0 0 0 0 0 0 0 0 0 0 0 0 0 0 0 0 0 0 0 0 0 0 0 0 0 0 0 0 0 0 0 0 
0 0 0 0 0 0 0 0 0 0 0 0 0 0 0 0 0 0 0 0 0 0 0 0 0 0 0 0 0 0 0 0 0 0 0 0 0 0 0 0 0 0 0 0 0 0 0 0 0 0 0 0 0 0 0 0 0 0 0 0 0 0 0 0 0 0 0 0 0 0 0 0 0 0 0 0 0 0 0 0 0 0 0 0 0 0 0 0 0 0 0 0 0 0 0 0 0 0 0 0 0 0 0 0 0 0 0 0 0 0 0 0 0 0 0 0 0 0 0 0 0 0 0 0 0 0 0 0 0 0 0 0 0 0 0 0 0 0 0 0 0 0 0 0 0 0 0 0 0 0 0 0 0 0 0 0 0 0 0 0 0 0 0 0 0 0 0 0 0 0 0 0 0 0 0 0 0 0 0 0 0 0 0 0 0 0 0 0 0 0 0 0 0 0 0 0 0 0 0 0 0 0 0 0 0 0 0 0 0 0 0 0 0 0 0 0 0 0 0 0 0 0 0 0 0 0 0 0 0 0 0 0 0 0 0 0 0 0 0 0 0 0 0 0 0 0 0 0 0 0 0 0 0 0 0 0 
0 0 0 0 0 0 0 0 0 0 0 0 0 0 0 0 0 0 0 0 0 0 0 0 0 0 0 0 0 0 0 0 0 0 0 0 0 0 0 0 0 0 0 0 0 0 0 0 0 0 0 0 0 0 0 0 0 0 0 0 0 0 0 0 0 0 0 0 0 0 0 0 0 0 0 0 0 0 0 0 0 0 0 0 0 0 0 0 0 0 0 0 0 0 0 0 0 0 0 0 0 0 0 0 0 0 0 0 0 0 0 0 0 0 0 0 0 0 0 0 0 0 0 0 0 0 0 0 0 0 0 0 0 0 0 0 0 0 0 0 0 0 0 0 0 0 0 0 0 0 0 0 0 0 0 0 0 0 0 0 0 0 0 0 0 0 0 0 0 0 0 0 0 0 0 0 0 0 0 0 0 0 0 0 0 0 0 0 0 0 0 0 0 0 0 0 0 0 0 0 0 0 0 0 0 0 0 0 0 0 0 0 0 0 0 0 0 0 0 0 0 0 0 0 0 0 0 0 0 0 0 0 0 0 0 0 0 0 0 0 0 0 0 0 0 0 0 0 0 0 0 0 0 0 0 0 
0 0 0 0 0 0 0 0 0 0 0 0 0 0 0 0 0 0 0 0 0 0 0 0 0 0 0 0 0 0 0 0 0 0 0 0 0 0 0 0 0 0 0 0 0 0 0 0 0 0 0 0 0 0 0 0 0 0 0 0 0 0 0 0 0 0 0 0 0 0 0 0 0 0 0 0 0 0 0 0 0 0 0 0 0 0 0 0 0 0 0 0 0 0 0 0 0 0 0 0 0 0 0 0 0 0 0 0 0 0 0 0 0 0 0 0 0 0 0 0 0 0 0 0 0 0 0 0 0 0 0 0 0 0 0 0 0 0 0 0 0 0 0 0 0 0 0 0 0 0 0 0 0 0 0 0 0 0 0 0 0 0 0 0 0 0 0 0 0 0 0 0 0 0 0 0 0 0 0 0 0 0 0 0 0 0 0 0 0 0 0 0 0 0 0 0 0 0 0 0 0 0 0 0 0 0 0 0 0 0 0 0 0 0 0 0 0 0 0 0 0 0 0 0 0 0 0 0 0 0 0 0 0 0 0 0 0 0 0 0 0 0 0 0 0 0 0 0 0 0 0 0 0 0 0 0 
0 0 0 0 0 0 0 0 0 0 0 0 0 0 0 0 0 0 0 0 0 0 0 0 0 0 0 0 0 0 0 0 0 0 0 0 0 0 0 0 0 0 0 0 0 0 0 0 0 0 0 0 0 0 0 0 0 0 0 0 0 0 0 0 0 0 0 0 0 0 0 0 0 0 0 0 0 0 0 0 0 0 0 0 0 0 0 0 0 0 0 0 0 0 0 0 0 0 0 0 0 0 0 0 0 0 0 0 0 0 0 0 0 0 0 0 0 0 0 0 0 0 0 0 0 0 0 0 0 0 0 0 0 0 0 0 0 0 0 0 0 0 0 0 0 0 0 0 0 0 0 0 0 0 0 0 0 0 0 0 0 0 0 0 0 0 0 0 0 0 0 0 0 0 0 0 0 0 0 0 0 0 0 0 0 0 0 0 0 0 0 0 0 0 0 0 0 0 0 0 0 0 0 0 0 0 0 0 0 0 0 0 0 0 0 0 0 0 0 0 0 0 0 0 0 0 0 0 0 0 0 0 0 0 0 0 0 0 0 0 0 0 0 0 0 0 0 0 0 0 0 0 0 0 0 0 
0 0 0 0 0 0 0 0 0 0 0 0 0 0 0 0 0 0 0 0 0 0 0 0 0 0 0 0 0 0 0 0 0 0 0 0 0 0 0 0 0 0 0 0 0 0 0 0 0 0 0 0 0 0 0 0 0 0 0 0 0 0 0 0 0 0 0 0 0 0 0 0 0 0 0 0 0 0 0 0 0 0 0 0 0 0 0 0 0 0 0 0 0 0 0 0 0 0 0 0 0 0 0 0 0 0 0 0 0 0 0 0 0 0 0 0 0 0 0 0 0 0 0 0 0 0 0 0 0 0 0 0 0 0 0 0 0 0 0 0 0 0 0 0 0 0 0 0 0 0 0 0 0 0 0 0 0 0 0 0 0 0 0 0 0 0 0 0 0 0 0 0 0 0 0 0 0 0 0 0 0 0 0 0 0 0 0 0 0 0 0 0 0 0 0 0 0 0 0 0 0 0 0 0 0 0 0 0 0 0 0 0 0 0 0 0 0 0 0 0 0 0 0 0 0 0 0 0 0 0 0 0 0 0 0 0 0 0 0 0 0 0 0 0 0 0 0 0 0 0 0 0 0 0 0 0 
