128 256
227 228 0 227 226 0 228 231 0 241 224 0 244 224 0 224 0 224 0 233 230 0 241 225 0 244 225 0 227 0 224 0 233 230 0 241 226 0 244 225 0 227 0 228 233 0 233 230 0 241 227 0 244 225 0 227 0 233 232 0 233 230 0 241 225 229 0 245 226 0 224 0 225 226 224 0 225 226 224 0 241 225 230 0 245 227 0 224 225 224 0 225 226 224 0 225 229 224 0 241 225 231 0 245 225 0 224 232 224 0 225 226 224 0 225 229 224 0 0 0 0 0 0 0 0 0 0 0 
241 225 232 0 245 227 0 224 225 224 0 225 226 224 0 225 229 224 0 241 225 233 0 245 226 0 232 224 0 225 226 224 0 225 229 224 0 241 225 224 0 244 229 0 231 0 233 232 0 233 230 0 241 225 225 0 244 229 0 231 0 225 228 231 0 233 230 0 241 225 226 0 244 229 0 231 0 225 233 228 0 233 230 0 241 225 227 0 244 227 0 230 0 225 227 233 0 233 230 0 241 225 228 0 244 229 0 224 0 227 226 0 233 230 0 0 0 0 0 0 0 0 0 0 0 0 0 0 
241 228 0 247 231 0 224 0 225 229 224 0 226 231 224 0 241 229 0 247 227 0 225 224 224 0 225 229 224 0 226 231 224 0 241 230 0 247 230 0 224 0 225 229 224 0 226 231 224 0 241 231 0 247 227 0 225 226 224 0 225 229 224 0 226 231 224 0 0 0 0 0 0 0 0 0 0 0 0 0 0 0 0 0 0 0 0 0 0 0 0 0 0 0 0 0 0 0 0 0 0 0 0 0 0 0 0 0 0 0 0 0 0 0 0 0 0 0 0 0 0 0 0 0 0 0 0 0 
0 0 0 0 0 0 0 0 0 0 0 0 0 0 0 0 0 0 0 0 0 0 0 0 0 0 0 0 0 0 0 0 0 0 0 0 0 0 0 0 0 0 0 0 0 0 0 0 0 0 0 0 0 0 0 0 0 0 0 0 0 0 0 0 0 0 0 0 0 0 0 0 0 0 0 0 0 0 0 0 0 0 0 0 0 0 0 0 0 0 0 0 0 0 0 0 0 0 0 0 0 0 0 0 0 0 0 0 0 0 0 0 0 0 0 0 0 0 0 0 0 0 0 0 0 0 0 0 
0 0 0 0 0 0 0 0 0 0 0 0 0 0 0 0 0 0 0 0 0 0 0 0 0 0 0 0 0 0 0 0 0 0 0 0 0 0 0 0 0 0 0 0 0 0 0 0 0 0 0 0 0 0 0 0 0 0 0 0 0 0 0 0 0 0 0 0 0 0 0 0 0 0 0 0 0 0 0 0 0 0 0 0 0 0 0 0 0 0 0 0 0 0 0 0 0 0 0 0 0 0 0 0 0 0 0 0 0 0 0 0 0 0 0 0 0 0 0 0 0 0 0 0 0 0 0 0 
0 0 0 0 0 0 0 0 0 0 0 0 0 0 0 0 0 0 0 0 0 0 0 0 0 0 0 0 0 0 0 0 0 0 0 0 0 0 0 0 0 0 0 0 0 0 0 0 0 0 0 0 0 0 0 0 0 0 0 0 0 0 0 0 0 0 0 0 0 0 0 0 0 0 0 0 0 0 0 0 0 0 0 0 0 0 0 0 0 0 0 0 0 0 0 0 0 0 0 0 0 0 0 0 0 0 0 0 0 0 0 0 0 0 0 0 0 0 0 0 0 0 0 0 0 0 0 0 
0 0 0 0 0 0 0 0 0 0 0 0 0 0 0 0 0 0 0 0 0 0 0 0 0 0 0 0 0 0 0 0 0 0 0 0 0 0 0 0 0 0 0 0 0 0 0 0 0 0 0 0 0 0 0 0 0 0 0 0 0 0 0 0 0 0 0 0 0 0 0 0 0 0 0 0 0 0 0 0 0 0 0 0 0 0 0 0 0 0 0 0 0 0 0 0 0 0 0 0 0 0 0 0 0 0 0 0 0 0 0 0 0 0 0 0 0 0 0 0 0 0 0 0 0 0 0 0 
0 0 0 0 0 0 0 0 0 0 0 0 0 0 0 0 0 0 0 0 0 0 0 0 0 0 0 0 0 0 0 0 0 0 0 0 0 0 0 0 0 0 0 0 0 0 0 0 0 0 0 0 0 0 0 0 0 0 0 0 0 0 0 0 0 0 0 0 0 0 0 0 0 0 0 0 0 0 0 0 0 0 0 0 0 0 0 0 0 0 0 0 0 0 0 0 0 0 0 0 0 0 0 0 0 0 0 0 0 0 0 0 0 0 0 0 0 0 0 0 0 0 0 0 0 0 0 0 
0 0 0 0 0 0 0 0 0 0 0 0 0 0 0 0 0 0 0 0 0 0 0 0 0 0 0 0 0 0 0 0 0 0 0 0 0 0 0 0 0 0 0 0 0 0 0 0 0 0 0 0 0 0 0 0 0 0 0 0 0 0 0 0 0 0 0 0 0 0 0 0 0 0 0 0 0 0 0 0 0 0 0 0 0 0 0 0 0 0 0 0 0 0 0 0 0 0 0 0 0 0 0 0 0 0 0 0 0 0 0 0 0 0 0 0 0 0 0 0 0 0 0 0 0 0 0 0 
2048 0 0 0 0 0 0 0 0 0 0 0 0 0 0 0 0 0 0 0 0 0 0 0 0 0 0 0 0 0 0 0 0 0 0 0 0 0 0 0 0 0 0 0 0 0 0 0 0 0 0 0 0 0 0 0 0 0 0 0 0 0 0 0 0 0 0 0 0 0 0 0 0 0 0 0 0 0 0 0 0 0 0 0 0 0 0 0 0 0 0 0 0 0 0 0 0 0 0 0 0 0 0 0 0 0 0 0 0 0 0 0 0 0 0 0 0 0 0 0 0 0 0 0 0 0 0 0 
2048 0 0 0 0 0 0 0 0 0 0 0 0 0 0 0 0 0 0 11 3 1027 3 1027 1027 1027 1035 1024 0 0 0 0 0 0 0 0 0 0 0 0 0 11 1027 1027 1035 1024 1024 1024 1024 1024 1024 1024 0 0 0 0 0 0 0 0 11 3 3 3 1027 3 1027 1027 1027 1027 1028 0 0 0 0 0 0 0 0 0 0 0 0 0 0 0 0 0 0 0 0 0 0 0 0 0 0 0 0 0 0 0 0 0 0 0 0 0 0 0 0 0 0 0 0 0 0 0 0 0 0 0 0 0 0 0 0 0 
2048 0 0 0 0 0 0 0 0 0 0 0 0 0 0 0 0 0 0 33 2296 1024 2296 1024 2296 1024 1057 1024 0 0 0 0 0 0 0 0 0 0 0 0 11 3083 1024 1024 2059 1035 1024 1024 1024 1024 1024 1024 0 0 0 0 0 0 0 11 3083 0 0 0 0 0 0 0 0 0 33 0 0 0 0 0 0 0 0 0 0 0 0 0 0 0 0 0 0 0 0 0 0 0 0 0 0 0 0 0 0 0 0 0 0 0 0 0 0 0 0 0 0 0 0 0 0 0 0 0 0 0 0 0 0 0 0 0 
0 0 0 0 0 0 0 0 0 0 0 0 0 0 0 0 0 0 11 3083 0 1024 0 1024 1024 1024 2059 1035 1024 1024 1024 1024 1024 0 0 0 0 0 0 11 3083 0 1024 1024 1024 2059 1035 1024 1024 1024 1024 1024 0 0 0 0 0 0 11 3083 0 0 0 0 0 0 0 0 0 0 33 0 0 0 0 0 0 0 0 0 0 0 0 0 0 0 0 0 0 0 0 0 0 0 0 0 0 0 0 0 0 0 0 0 0 0 0 0 0 0 0 0 0 0 0 0 0 0 0 0 0 0 0 0 0 0 0 0 
0 0 0 0 0 0 0 0 0 0 0 0 0 0 0 0 0 11 3083 0 0 0 0 1024 1024 1024 1024 2059 1035 1024 1024 1024 1024 0 0 0 0 0 11 3083 0 0 1024 1024 1024 1024 2059 1035 1024 1024 1024 1024 0 0 0 0 0 11 3083 0 0 0 0 0 0 0 0 0 0 0 33 0 0 0 0 0 0 0 0 0 0 0 0 0 0 0 0 0 0 0 0 0 0 0 0 0 0 0 0 0 0 0 0 0 0 0 0 0 0 0 0 0 0 0 0 0 0 0 0 0 0 0 0 0 0 0 0 0 
0 0 0 0 0 0 0 0 0 0 0 0 0 0 0 0 11 3083 0 0 0 0 0 1024 1024 1024 1024 1024 2059 1035 1024 1024 1024 0 0 0 0 11 3083 0 0 0 1024 1024 1024 1024 1024 2059 1035 1024 1024 1024 0 0 0 0 11 3083 0 0 0 0 0 0 0 0 0 0 0 0 33 0 0 0 0 0 0 0 0 0 0 0 0 0 0 0 0 0 0 0 0 0 0 0 0 0 0 0 0 0 0 0 0 0 0 0 0 0 0 0 0 0 0 0 0 0 0 0 0 0 0 0 0 0 0 0 0 0 
0 0 0 0 0 0 0 0 0 0 0 0 0 0 0 11 3083 0 0 0 0 0 0 1024 1024 1024 1024 1024 1024 2059 1035 1024 1024 0 0 0 11 3083 0 0 0 0 1024 1024 1024 1024 1024 1024 2059 1035 1024 1024 0 0 0 11 3083 0 0 0 0 0 0 192 1216 0 0 0 0 0 33 0 0 0 0 0 0 0 0 0 0 0 0 0 0 2048 0 0 0 0 0 0 0 0 0 0 0 0 0 0 0 0 0 0 0 0 0 0 0 0 0 0 0 0 0 0 0 0 0 0 0 0 0 0 0 0 0 0 
0 0 0 0 0 0 0 0 0 0 0 0 0 0 11 3083 0 0 0 0 0 192 196 196 1216 1024 1024 1024 1024 1024 2059 1035 1024 0 0 11 3083 0 0 0 0 0 192 1216 1024 1024 1024 1024 1024 2059 1035 1024 0 0 11 3083 0 0 0 0 0 0 0 2240 3264 0 0 0 0 0 33 0 0 0 0 0 0 0 0 0 0 0 0 0 0 0 0 0 0 0 0 0 0 0 0 0 0 0 0 0 0 0 0 0 0 0 0 0 0 0 0 0 0 0 0 0 0 0 0 0 0 0 0 0 0 0 0 0 
0 0 0 0 0 0 0 0 0 0 0 0 0 11 3083 0 0 0 0 0 0 2240 2244 2244 3264 1024 1024 1024 1024 1024 1024 2059 1035 0 11 3083 0 0 0 0 0 0 2240 3264 1024 1024 1024 1024 1024 1024 2059 1035 0 11 3083 0 0 0 0 0 0 0 0 0 0 0 0 0 0 0 33 0 0 0 0 0 0 0 0 0 0 0 0 0 0 2048 0 0 0 0 0 0 0 0 0 0 0 0 0 0 0 0 0 0 0 0 0 0 0 0 0 0 0 0 0 0 0 0 0 0 0 0 0 0 0 0 0 0 
0 0 0 0 0 0 0 0 0 0 0 0 0 33 0 0 0 0 0 0 0 0 0 1024 1024 1024 1024 1024 1024 1024 1024 1024 2059 2158 3083 0 0 0 0 0 0 0 1024 1024 1024 1024 1024 1024 1024 1024 1024 2059 2158 3083 0 0 0 0 0 0 0 0 0 0 0 0 0 0 0 0 33 0 0 0 0 0 0 0 0 0 0 0 0 0 0 0 0 0 0 0 0 0 0 0 0 0 0 0 0 0 0 0 0 0 0 0 0 0 0 0 0 0 0 0 0 0 0 0 0 0 0 0 0 0 0 0 0 0 
0 0 0 0 0 0 0 0 0 0 0 0 0 33 0 0 0 0 0 0 0 0 0 0 0 0 0 0 0 0 0 0 0 2146 0 0 0 0 0 0 0 0 0 0 0 0 0 0 0 0 0 0 2146 0 0 0 0 0 0 0 0 0 0 0 0 0 0 0 0 0 33 0 0 0 0 0 0 0 0 0 0 0 0 0 0 0 0 0 0 0 0 0 0 0 0 0 0 0 0 0 0 0 0 0 0 0 0 0 0 0 0 0 0 0 0 0 0 0 0 0 0 0 0 0 0 0 0 0 
0 0 0 0 0 0 0 0 0 0 0 0 0 33 0 0 0 0 0 0 0 0 0 0 0 0 0 0 0 0 0 0 0 0 0 0 0 0 0 0 0 0 0 0 0 0 0 0 0 0 0 0 0 0 0 0 0 0 0 0 0 0 0 0 0 0 0 0 0 0 33 0 0 0 0 0 0 0 0 0 0 0 0 0 0 0 0 0 0 0 0 0 0 0 0 0 0 0 0 0 0 0 0 0 0 0 0 0 0 0 0 0 0 0 0 0 0 0 0 0 0 0 0 0 0 0 0 0 
0 0 0 0 0 0 0 0 0 0 0 0 0 33 0 0 0 0 0 0 0 0 0 0 0 0 0 0 0 0 0 0 0 0 0 0 0 0 0 0 0 0 0 0 0 0 0 0 0 0 0 0 0 0 0 0 0 0 0 0 0 0 0 0 0 0 0 0 0 0 33 0 0 0 0 0 0 0 0 0 0 0 0 0 0 0 0 0 0 0 0 0 0 0 0 0 0 0 0 0 0 0 0 0 0 0 0 0 0 0 0 0 0 0 0 0 0 0 0 0 0 0 0 0 0 0 0 0 
0 0 0 0 0 0 0 0 0 0 0 0 0 33 0 0 0 0 0 0 4 3 3 1027 1027 3 1027 3 1027 1027 5 1027 1027 1027 1027 1027 3 3 1027 1027 1027 1027 5 1027 3 1027 1027 5 3 1027 1027 3 1027 1027 1028 0 0 0 0 2 1027 3 1027 1027 1027 1028 0 0 0 0 2052 1027 3 1027 1027 1027 1028 0 0 0 0 0 0 0 0 0 0 0 0 0 0 0 0 0 0 0 0 0 0 0 0 0 0 0 0 0 0 0 0 0 0 0 0 0 0 0 0 0 0 0 0 0 0 0 0 0 0 0 
0 0 0 0 0 0 0 0 0 0 0 0 0 33 0 0 0 0 0 0 2109 1053 0 0 0 0 0 1024 1024 29 3133 0 0 0 0 0 0 0 0 0 0 0 33 2296 0 2296 0 33 0 0 0 0 0 0 33 0 0 0 0 0 0 0 0 0 0 33 0 0 0 0 0 0 0 0 0 0 33 0 0 0 0 0 0 0 0 0 0 0 0 0 0 0 0 0 0 0 0 0 0 0 0 0 0 0 0 0 0 0 0 0 0 0 0 0 0 0 0 0 0 0 0 0 0 0 0 0 0 0 
0 0 0 0 0 0 0 0 0 0 0 0 0 33 0 0 0 0 0 0 2077 1085 0 0 0 0 0 1024 1024 61 3101 0 0 0 0 0 0 0 0 0 0 0 2146 0 0 0 0 33 0 0 0 0 0 0 33 0 0 0 0 0 0 0 0 0 0 33 0 0 0 0 0 0 0 0 0 0 33 0 0 0 0 0 0 0 0 0 0 0 0 0 0 0 0 0 0 0 0 0 0 0 0 0 0 0 0 0 0 0 0 0 0 0 0 0 0 0 0 0 0 0 0 0 0 0 0 0 0 0 
0 0 0 0 0 0 0 0 0 0 0 0 0 33 0 0 0 0 0 0 1024 2109 1053 0 0 0 0 1024 29 3133 0 0 0 0 0 0 0 0 0 0 0 0 0 0 0 0 0 2059 1035 1024 1024 1024 0 0 33 0 0 0 0 0 0 0 0 0 0 33 0 0 0 0 0 0 0 0 0 0 33 0 0 0 0 0 0 0 0 0 0 0 0 0 0 0 0 0 0 0 0 0 0 0 0 0 0 0 0 0 0 0 0 0 0 0 0 0 0 0 0 0 0 0 0 0 0 0 0 0 0 0 
2048 0 0 0 0 0 0 0 0 0 0 0 0 33 0 0 0 0 0 0 0 2077 1085 0 0 0 0 1024 61 3101 1024 0 0 0 0 0 0 0 0 0 0 0 0 0 0 0 0 1024 2059 1035 1024 1024 0 0 33 0 0 0 0 0 0 0 0 0 0 33 0 0 0 0 0 0 0 0 0 0 33 0 0 0 0 0 0 0 0 0 0 0 0 0 0 0 0 0 0 0 0 0 0 0 0 0 0 0 0 0 0 0 0 0 0 0 0 0 0 0 0 0 0 0 0 0 0 0 0 0 0 0 
0 0 0 0 0 0 0 0 0 0 0 0 0 2109 1053 0 0 0 0 0 0 0 2109 1053 0 0 0 29 3133 1024 1024 0 0 0 192 196 196 1216 0 0 0 0 0 0 0 0 0 1024 1024 2059 1035 1024 0 0 33 0 0 0 0 192 1216 0 0 0 0 33 0 0 0 0 192 1216 0 0 0 0 33 0 0 0 0 0 0 0 0 0 0 0 0 0 0 0 0 0 0 0 0 0 0 0 0 0 0 0 0 0 0 0 0 0 0 0 0 0 0 0 0 0 0 0 0 0 0 0 0 0 0 0 
0 0 0 0 2048 2048 2048 0 0 0 0 0 0 2077 1085 0 0 0 0 0 0 0 2077 1075 3 1027 1027 51 3101 1024 1024 0 0 0 2240 2244 2244 3264 0 0 0 0 0 0 0 0 0 1024 1024 1024 2059 1035 0 0 33 0 0 0 0 1224 200 0 0 0 0 33 0 0 0 0 2240 3264 0 0 0 0 33 0 0 0 0 0 0 0 0 0 0 0 0 0 0 0 0 0 0 0 0 0 0 0 0 0 0 0 0 0 0 0 0 0 0 0 0 0 0 0 0 0 0 0 0 0 0 0 0 0 0 0 
0 0 0 0 2048 2048 2048 0 0 0 0 0 0 1024 2109 1053 0 0 0 0 0 0 0 0 0 0 0 0 0 0 0 0 0 0 0 0 0 0 0 0 0 0 0 0 0 0 0 1024 1024 1024 1024 2059 3 1027 36 0 0 0 0 1224 200 0 0 0 0 33 0 0 0 0 0 0 0 0 0 0 33 0 0 0 0 0 0 0 0 0 0 0 0 0 0 0 0 0 0 0 0 0 0 0 0 0 0 0 0 0 0 0 0 0 0 0 0 0 0 0 0 0 0 0 0 0 0 0 0 0 0 0 
0 0 0 0 2048 2048 2048 0 0 0 0 0 0 0 2077 1085 0 0 0 0 0 0 0 0 0 0 0 0 0 0 0 0 0 0 0 0 0 0 0 0 0 11 1027 1027 3 3150 0 1024 1024 1024 1024 1024 1273 0 33 0 0 0 0 2240 3264 0 2048 0 0 33 0 0 0 0 0 0 0 0 0 11 3083 1024 0 0 0 0 0 0 0 0 0 0 0 0 0 0 0 0 0 0 0 0 0 0 0 0 0 0 0 0 0 0 0 0 0 0 0 0 0 0 0 0 0 0 0 0 0 0 0 0 0 0 
0 0 0 0 2048 0 0 0 0 0 0 0 0 0 0 2109 1053 0 0 0 0 0 0 0 0 0 0 0 0 0 0 0 0 0 0 0 0 0 0 0 11 3083 0 0 0 0 0 0 0 0 0 0 0 0 33 0 0 0 0 0 0 1024 0 0 0 33 0 0 0 0 0 0 0 0 11 3083 0 1024 0 0 0 0 0 0 0 0 0 0 0 0 0 0 0 0 0 0 0 0 0 0 0 0 0 0 0 0 0 0 0 0 0 0 0 0 0 0 0 0 0 0 0 0 0 0 0 0 0 0 
0 0 0 0 2048 0 0 0 0 0 0 0 0 0 0 2077 1085 0 0 0 0 0 0 0 0 0 0 0 0 0 0 0 0 0 0 0 0 0 0 11 3083 0 0 0 0 0 0 0 0 0 0 0 1273 0 33 0 0 0 0 0 0 0 0 0 0 33 0 0 0 0 0 0 0 11 3083 0 0 1024 0 0 0 0 0 0 0 0 0 0 0 0 0 0 0 0 0 0 0 0 0 0 0 0 0 0 0 0 0 0 0 0 0 0 0 0 0 0 0 0 0 0 0 0 0 0 0 0 0 0 
0 0 0 0 2048 0 0 0 0 0 0 0 0 0 0 0 2109 1053 0 0 0 0 0 0 0 0 0 0 0 11 1027 1027 1027 3 3 1027 1027 3 3 3083 0 0 0 0 0 0 0 0 0 0 0 0 0 0 33 0 0 0 0 0 0 0 0 0 0 33 0 0 0 0 0 0 11 3083 0 0 0 1024 0 0 0 0 0 0 0 0 0 0 0 0 0 0 0 0 0 0 0 0 0 0 0 0 0 0 0 0 0 0 0 0 0 0 0 0 0 0 0 0 0 0 0 0 0 0 0 0 0 0 
0 0 0 0 2048 0 0 0 0 0 0 0 0 0 0 0 2077 1075 3 1027 1027 3 1027 3 1027 3 1027 1027 3151 3083 0 0 0 0 0 0 0 0 0 0 0 0 0 0 0 0 0 0 0 0 0 0 99 1027 36 0 0 0 0 0 0 0 0 0 0 33 0 0 0 0 0 11 3083 0 0 0 0 1024 0 0 0 0 0 0 0 0 0 0 0 0 0 0 0 0 0 0 0 0 0 0 0 0 0 0 0 0 0 0 0 0 0 0 0 0 0 0 0 0 0 0 0 0 0 0 0 0 0 0 
0 0 0 0 2048 0 0 0 0 0 0 0 0 0 0 0 0 0 0 0 0 0 0 0 0 0 0 11 3083 0 0 0 0 0 0 0 0 0 0 0 0 0 16 0 0 0 0 0 0 0 0 0 1024 0 33 0 0 0 0 2 1027 3 1027 1027 1027 36 0 0 0 0 0 2059 1027 3 1035 1024 1024 1024 0 0 0 0 0 0 0 0 0 0 0 0 0 0 0 0 0 0 0 0 0 0 0 0 0 0 0 0 0 0 0 0 0 0 0 0 0 0 0 0 0 0 0 0 0 0 0 0 0 0 
0 0 0 0 0 0 0 0 0 0 0 0 0 0 0 0 0 0 0 0 0 0 0 0 0 0 11 3083 0 0 0 0 0 0 0 0 0 0 0 0 0 0 33 0 0 0 0 0 0 0 0 0 0 0 33 0 0 0 0 0 0 0 0 0 0 33 0 0 0 0 0 1024 0 0 2059 1035 1024 1024 0 0 0 0 0 0 0 0 0 0 0 0 0 0 0 0 0 0 0 0 0 0 0 0 0 0 0 0 0 0 0 0 0 0 0 0 0 0 0 0 0 0 0 0 0 0 0 0 0 0 
0 0 0 0 0 0 0 0 0 0 0 0 0 0 0 0 0 0 0 0 0 0 0 0 0 11 3083 0 0 0 0 0 0 0 0 0 0 0 0 0 0 0 33 0 0 0 0 0 0 0 0 0 0 0 33 0 0 0 0 0 0 0 0 0 0 33 0 0 0 0 0 0 0 0 1024 2059 1035 1024 0 0 0 0 0 0 0 0 0 0 0 0 0 0 0 0 0 0 0 0 0 0 0 0 0 0 0 0 0 0 0 0 0 0 0 0 0 0 0 0 0 0 0 0 0 0 0 0 0 0 
0 0 0 0 0 0 0 0 0 0 0 0 0 0 0 0 0 0 0 0 0 0 0 0 11 3083 0 0 0 0 0 0 193 202 202 202 202 1217 0 0 0 0 33 0 0 0 0 0 0 0 0 0 0 0 33 0 0 0 0 0 0 0 0 0 0 33 0 0 0 0 0 0 0 0 1024 1024 2059 1035 0 0 0 0 0 0 0 0 0 0 0 0 0 0 0 0 0 0 0 0 0 0 0 0 0 0 0 0 0 0 0 0 0 0 0 0 0 0 0 0 0 0 0 0 0 0 0 0 0 0 
0 0 0 0 0 0 0 0 0 0 0 0 0 0 0 0 0 0 0 0 0 0 0 11 3083 0 0 0 0 0 0 0 0 0 0 0 0 0 0 0 0 0 33 0 0 0 0 192 1216 0 0 0 0 0 33 0 0 0 0 0 0 0 0 0 0 33 0 0 0 0 0 0 0 0 1024 1024 1024 2059 1035 1024 0 0 0 0 0 0 0 0 0 0 0 0 0 0 0 0 0 0 0 0 0 0 0 0 0 0 0 0 0 0 0 0 0 0 0 0 0 0 0 0 0 0 0 0 0 0 0 0 
0 0 0 0 0 0 0 0 0 0 0 0 0 0 0 0 0 2048 2048 0 0 0 11 3083 0 0 0 0 0 0 0 0 0 0 0 0 0 0 0 0 0 0 33 0 0 0 0 2240 3264 0 0 0 0 0 33 0 0 0 0 192 1216 0 0 0 0 33 0 0 0 0 0 0 0 0 0 0 0 0 2059 1035 1024 0 0 0 0 0 0 0 0 0 0 0 0 0 0 0 0 0 0 0 0 0 0 0 0 0 0 0 0 0 0 0 0 0 0 0 0 0 0 0 0 0 0 0 0 0 0 0 
0 0 0 0 0 0 0 0 0 0 0 0 0 0 0 0 0 0 0 0 0 11 3083 0 0 0 0 0 0 0 0 0 0 0 0 0 0 0 0 0 0 0 33 0 0 0 0 0 0 0 0 0 0 0 33 0 0 0 0 2240 3264 0 0 0 0 33 0 0 0 0 0 192 1216 0 0 0 0 0 1024 2059 1035 0 0 0 0 0 0 0 0 0 0 0 0 0 0 0 0 0 0 0 0 0 0 0 0 0 0 0 0 0 0 0 0 0 0 0 0 0 0 0 0 0 0 0 0 0 0 0 
0 0 2048 2048 0 0 0 0 0 0 0 0 0 0 0 0 0 0 0 0 11 3083 0 0 0 0 0 0 0 0 0 0 0 0 0 0 0 0 0 0 0 0 33 0 0 0 0 0 0 0 0 0 0 0 33 0 0 0 0 0 0 0 0 0 0 33 0 0 0 0 0 1224 200 0 0 0 0 0 1024 1024 33 0 0 0 0 0 0 0 0 0 0 0 0 0 0 0 0 0 0 0 0 0 0 0 0 0 0 0 0 0 0 0 0 0 0 0 0 0 0 0 0 0 0 0 0 0 0 0 
0 0 0 0 0 0 0 0 0 0 0 0 0 0 0 0 0 0 0 0 33 0 0 0 0 0 0 0 2048 2048 2048 2048 101 9 9 9 9 9 9 9 9 9 3144 0 0 0 0 0 0 0 0 0 0 0 33 0 0 0 0 0 0 0 0 0 0 33 0 0 0 0 0 2240 3264 0 0 0 0 0 1024 1024 33 0 0 0 0 0 0 0 0 0 0 0 0 0 0 0 0 0 0 0 0 0 0 0 0 0 0 0 0 0 0 0 0 0 0 0 0 0 0 0 0 0 0 0 0 0 0 0 
0 0 2048 2048 0 0 0 0 0 0 0 0 0 0 0 0 0 0 0 0 33 0 0 0 0 0 0 0 2048 2048 3072 11 100 109 109 109 109 109 109 109 109 109 3080 0 0 0 0 0 0 0 0 0 0 0 33 0 0 0 0 0 0 0 0 0 0 2064 0 0 0 0 0 0 0 0 0 0 0 0 0 0 33 0 0 0 0 0 0 0 0 0 0 0 0 0 0 0 0 0 0 0 0 0 0 0 0 0 0 0 0 0 0 0 0 0 0 0 0 0 0 0 0 0 0 0 0 0 0 0 
0 0 0 0 0 0 0 0 0 0 0 0 0 0 0 0 0 0 0 0 33 0 0 0 0 0 0 0 2048 2048 11 3083 2048 0 0 0 0 0 0 0 0 0 0 0 0 0 0 0 0 0 0 0 0 0 33 0 0 0 0 0 0 0 0 0 0 0 0 0 0 0 0 0 0 0 0 0 0 0 0 11 3083 0 0 0 0 0 0 0 0 0 0 0 0 0 0 0 0 0 0 0 0 0 0 0 0 0 0 0 0 0 0 0 0 0 0 0 0 0 0 0 0 0 0 0 0 0 0 0 
0 0 0 0 0 0 0 0 0 0 0 0 0 0 0 0 0 0 0 0 33 0 0 0 0 0 0 0 3072 11 3083 2048 0 0 0 0 0 0 0 0 0 0 0 0 0 0 2126 1035 1024 1024 0 0 0 11 2053 1027 3 1027 1027 1035 2048 0 0 0 0 0 0 0 0 0 0 0 0 0 0 0 0 0 0 2059 1035 1024 1024 0 0 0 0 0 0 0 0 0 0 0 0 0 0 0 0 0 0 0 0 0 0 0 0 0 0 0 0 0 0 0 0 0 0 0 0 0 0 0 0 0 0 0 0 0 
0 0 0 0 0 0 0 0 0 0 0 0 0 0 0 0 0 0 0 0 33 0 0 0 0 0 0 0 102 103 2048 2048 0 0 0 0 0 0 0 0 0 0 0 0 0 0 1024 2059 1035 1024 0 0 11 3083 0 0 0 0 11 3083 0 0 0 0 0 0 0 0 0 0 0 0 0 0 0 0 0 0 1024 1024 2059 1035 0 0 0 0 0 0 0 0 0 0 0 0 0 0 0 0 0 0 0 0 0 0 0 0 0 0 0 0 0 0 0 0 0 0 0 0 0 0 0 0 0 0 0 0 0 0 
0 0 0 0 0 0 0 0 0 0 0 0 0 0 0 0 0 0 0 0 33 0 0 0 0 0 0 0 38 47 0 0 0 0 0 0 0 0 0 0 0 0 0 0 0 0 1024 1024 2059 1035 0 11 3083 0 0 0 0 11 3083 0 0 0 0 0 0 0 0 0 0 0 0 0 0 0 0 0 0 0 1024 1024 1024 2059 1035 1024 0 0 0 0 0 0 0 0 0 0 0 0 0 0 0 0 0 0 0 0 0 0 0 0 0 0 0 0 0 0 0 0 0 0 0 0 0 0 0 0 0 0 0 0 
0 0 0 0 0 0 0 0 0 0 0 0 0 0 0 0 0 0 0 0 33 0 0 0 0 0 0 0 38 47 0 0 0 0 0 0 0 0 0 0 0 192 1216 0 0 0 1024 1024 1024 2059 2158 111 0 0 0 0 11 3083 0 0 0 0 0 0 0 2126 2127 1027 1027 1035 248 0 248 0 11 1028 0 0 0 0 0 0 2059 1035 0 0 0 0 0 0 0 0 0 0 0 0 0 0 0 0 0 0 0 0 0 0 0 0 0 0 0 0 0 0 0 0 0 0 0 0 0 0 0 0 0 0 0 0 
0 0 0 0 0 0 0 0 0 0 0 0 0 0 0 0 0 0 0 0 33 0 0 0 0 0 0 0 38 47 0 0 0 0 0 0 0 0 0 0 0 2240 3264 0 0 0 0 0 0 11 3083 2059 1035 0 0 11 3083 0 0 0 0 0 0 0 0 0 2059 1035 1024 33 0 0 0 0 33 33 0 0 0 0 0 0 1024 2059 1035 1024 0 0 0 0 0 0 0 0 0 0 0 0 0 0 0 0 0 0 0 0 0 0 0 0 0 0 0 0 0 0 0 0 0 0 0 0 0 0 0 0 0 0 
0 0 0 0 0 0 0 0 0 0 0 0 0 0 0 0 0 0 0 0 33 0 0 0 0 0 0 0 38 47 0 0 0 0 0 0 0 0 0 0 0 0 0 0 0 0 0 0 11 3083 0 0 2059 1035 11 3083 0 0 0 0 0 0 0 0 0 0 1024 2059 1035 2059 1027 1027 1027 1027 3083 33 0 0 0 0 0 0 0 0 2059 1035 0 0 0 0 0 0 0 0 0 0 0 0 0 0 0 0 0 0 0 0 0 0 0 0 0 0 0 0 0 0 0 0 0 0 0 0 0 0 0 0 0 0 
0 0 0 0 0 0 0 0 0 0 0 0 0 0 0 0 0 0 0 0 33 0 0 0 0 0 0 0 38 47 0 0 0 0 0 0 0 0 0 0 0 0 0 0 0 0 0 11 3083 0 0 0 0 2059 111 0 0 0 0 0 0 0 0 0 0 0 0 0 1135 1123 0 0 0 0 0 2059 1035 1024 1024 0 0 0 0 0 1024 2059 1027 1027 3 1027 3 1027 1035 0 0 0 0 0 0 0 0 0 0 0 0 0 0 0 0 0 0 0 0 0 0 0 0 0 0 0 0 0 0 0 0 0 0 0 
0 0 0 0 0 0 0 0 0 0 0 0 0 0 0 0 0 0 0 0 33 0 0 0 0 0 0 0 38 47 0 0 0 0 0 0 2126 1035 1024 0 0 0 0 0 0 0 11 3083 0 0 0 0 0 0 2059 1035 1024 1024 1024 1024 0 0 0 0 0 0 0 11 3083 0 0 0 0 0 0 1024 2059 1035 1024 0 0 0 0 0 0 0 0 0 0 0 0 0 2059 1035 1024 0 0 0 0 0 0 0 0 0 0 0 0 0 0 0 0 0 0 0 0 0 0 0 0 0 0 0 0 0 0 0 0 0 
0 0 0 0 0 0 0 0 0 0 0 0 0 0 0 0 0 0 0 0 33 0 0 0 0 0 0 0 38 47 0 0 0 0 0 0 1024 2059 1035 0 0 0 0 0 0 11 3083 0 0 0 0 0 0 0 1024 2059 1035 1024 1024 1024 0 0 0 0 0 0 11 3083 0 0 0 0 0 0 0 1024 1024 2059 1035 0 0 0 0 0 0 0 0 0 0 0 0 0 1024 2059 1035 0 0 0 0 0 0 0 0 0 0 0 0 0 0 0 0 0 0 0 0 0 0 0 0 0 0 0 0 0 0 0 0 0 
0 0 0 0 0 0 0 0 0 0 0 0 0 0 0 0 0 0 0 0 33 0 0 0 0 0 0 0 2150 2151 0 0 0 0 0 0 1024 1024 2059 1139 9 9 9 9 3172 3083 0 0 0 0 0 0 0 0 1024 1024 2059 1035 1024 1024 0 0 0 0 0 11 3083 0 0 0 0 0 0 0 0 1024 1024 1024 2059 1035 1024 0 0 0 0 0 0 0 0 0 0 0 1024 1024 2059 1035 1024 0 0 0 0 0 0 0 0 0 0 0 0 0 0 0 0 0 0 0 0 0 0 0 0 0 0 0 0 0 0 0 
0 0 0 0 0 0 0 0 0 0 0 0 0 0 0 0 0 0 0 0 33 0 0 0 0 0 0 0 1024 2059 1035 0 0 0 0 0 1024 1024 1024 2162 2057 2057 2057 2057 3173 0 0 0 0 0 0 0 0 0 1024 1024 1024 2059 1035 1024 0 0 0 0 11 3083 0 0 0 0 0 0 0 0 0 0 0 0 0 2059 1035 0 0 0 0 0 0 0 0 0 0 0 0 0 0 2059 1035 0 0 0 0 0 0 0 0 0 0 0 0 0 0 0 0 0 0 0 0 0 0 0 0 0 0 0 0 0 0 0 
0 0 0 0 0 0 0 0 0 0 0 0 0 0 0 0 0 0 0 0 33 0 0 0 0 0 0 0 0 0 2059 1035 0 0 0 0 0 0 0 0 0 0 0 0 0 0 0 0 0 0 0 0 0 0 1024 1024 1024 1024 2059 1035 0 0 1024 11 3083 0 0 0 0 0 0 0 0 0 0 0 0 0 0 1024 2059 1035 1024 0 0 0 0 0 0 0 0 0 0 0 0 1024 2059 1035 1024 0 0 0 0 0 0 0 0 0 0 0 0 0 0 0 0 0 0 0 0 0 0 0 0 0 0 0 0 0 
0 0 0 0 0 0 0 0 0 0 0 0 0 0 0 0 0 0 0 0 33 0 0 0 0 0 0 0 0 0 1024 2059 1139 1138 0 0 0 0 0 0 0 0 0 0 0 0 0 0 0 0 0 0 0 0 3072 3072 3072 3072 11 3083 0 0 1024 2059 1035 1024 0 0 0 0 0 0 0 0 0 0 0 0 0 0 0 2059 1035 1024 0 0 0 0 0 0 0 0 0 0 0 0 0 2059 1035 0 0 0 0 0 0 0 0 0 0 0 0 0 0 0 0 0 0 0 0 0 0 0 0 0 0 0 0 0 
0 0 0 0 0 0 0 0 0 0 0 0 0 0 0 0 0 0 0 0 2059 1035 1024 1024 0 0 0 0 0 0 0 0 2162 2163 1139 1138 0 0 0 0 0 0 0 0 0 0 0 0 0 0 0 0 0 0 3072 3072 3072 11 3083 3072 0 0 0 0 2059 1035 1024 1024 1024 1024 0 0 0 0 0 0 0 0 0 0 0 1024 2059 1035 0 0 0 0 0 0 0 0 0 0 0 0 0 1024 2059 1035 1024 1024 0 0 0 0 0 0 0 0 0 0 0 0 0 0 0 0 0 0 0 0 0 0 0 0 0 0 
0 0 0 0 0 0 0 0 0 0 0 0 0 0 0 0 0 0 0 0 1024 2059 1035 1024 0 1024 0 0 0 0 0 0 0 0 2162 2163 1139 1138 0 0 0 0 0 0 0 0 0 0 0 0 0 0 0 0 3072 3072 11 3083 3072 3072 0 0 0 0 1024 2059 1035 1024 1024 1024 0 0 0 0 0 0 0 0 0 0 0 0 0 2059 1035 1024 0 0 0 0 0 0 0 0 1024 0 0 0 0 2059 1035 1024 0 0 0 0 0 0 0 0 0 0 0 0 0 0 0 0 0 0 0 0 0 0 0 0 0 0 
0 0 0 0 0 0 0 0 0 0 0 0 0 0 0 0 0 0 0 0 1024 1024 2059 1035 1024 1024 0 0 0 0 0 0 0 0 0 0 2162 2163 3 3 3 3 3 3 3 3 3 3 1035 1024 0 0 0 0 3072 11 3083 3072 3072 3072 0 0 0 0 1024 1024 2059 1035 1024 1024 0 0 0 0 0 0 0 0 0 0 0 0 0 0 2059 1035 0 0 0 0 0 0 0 0 0 0 0 0 0 1024 2059 1035 0 0 0 0 0 0 0 0 0 0 0 0 0 0 0 0 0 0 0 0 0 0 0 0 0 0 
0 0 0 0 0 0 0 0 0 0 0 0 0 0 0 0 0 0 0 0 1024 1024 1024 2059 1035 1024 0 0 0 0 0 0 0 0 0 0 0 0 0 0 0 0 0 0 0 0 0 0 33 0 0 0 0 0 11 3083 3072 3072 3072 3072 0 0 0 0 1024 1024 1024 2059 1035 0 0 0 0 0 0 0 0 0 0 0 0 0 0 0 1024 2059 1035 1024 1024 0 0 0 0 0 0 0 0 0 0 1024 1024 2059 1035 1024 0 0 0 0 0 0 0 0 0 0 0 0 0 0 0 0 0 0 0 0 0 0 0 0 
0 0 0 0 0 0 0 0 0 0 0 0 0 0 0 0 0 0 0 0 0 0 0 0 2059 1035 0 0 0 0 0 0 0 0 0 0 0 0 0 0 0 0 0 0 0 0 0 0 33 0 0 0 0 99 111 0 0 0 0 0 0 0 0 0 1024 1024 1024 1024 1135 1123 0 0 0 0 0 0 0 0 0 0 0 0 0 0 0 0 2059 1035 1024 0 0 0 0 0 0 0 0 0 0 0 0 0 2059 1035 0 0 0 0 0 0 0 0 0 0 0 0 0 0 0 0 0 0 0 0 0 0 0 0 
0 0 0 0 0 0 0 0 0 0 0 0 0 0 0 0 0 0 0 0 0 0 0 0 0 2059 1035 1024 1024 1024 0 0 0 0 0 0 0 0 0 0 0 1024 1024 0 0 0 0 0 33 0 0 0 0 0 2059 1035 2048 2048 2048 2048 1024 0 0 0 0 0 3072 11 3083 0 0 0 0 0 0 0 0 0 0 0 0 0 0 0 0 0 1024 2059 1035 0 0 0 0 0 0 0 0 0 0 0 1024 0 0 2059 1035 0 0 0 0 0 0 0 0 0 0 0 0 0 0 0 0 0 0 0 0 0 0 0 
0 0 0 0 0 0 0 0 0 0 0 0 0 0 0 0 0 0 0 0 0 0 0 0 0 1024 2059 1035 0 0 0 0 0 0 0 0 0 0 0 0 0 0 0 0 0 0 0 0 33 0 0 0 0 0 2048 2059 1035 2048 2048 2048 1024 0 0 0 0 0 11 3083 3072 0 0 0 0 0 0 0 0 0 0 0 0 0 0 0 0 0 1024 1024 2059 1035 1024 0 0 0 0 0 0 0 0 0 0 0 0 0 2059 1035 0 0 0 0 0 0 0 0 0 0 0 0 0 0 0 0 0 0 0 0 0 0 
0 0 0 0 0 0 0 0 0 0 0 0 0 0 0 0 0 0 0 0 0 0 0 0 0 1024 1024 2059 1139 1138 0 0 0 0 0 0 0 0 0 0 0 192 196 1216 0 0 0 0 33 0 0 0 0 0 2048 2048 2059 1035 2048 2048 1024 0 0 0 3072 11 3083 3072 3072 0 0 0 0 0 0 0 0 0 0 0 0 0 0 0 0 0 0 0 0 2059 1035 0 0 0 0 0 0 0 0 0 0 0 0 0 11 3083 0 0 0 0 0 0 0 0 0 0 0 0 0 0 0 0 0 0 0 0 0 0 
0 0 0 0 0 0 0 0 0 0 0 0 0 0 0 0 0 0 0 0 0 0 0 0 0 1024 1024 1024 2162 2163 1139 1138 0 0 0 0 0 0 0 0 0 2240 2244 3264 0 0 0 0 33 0 0 0 0 0 2048 2048 2048 2059 1035 2048 1024 0 0 0 11 3083 3072 3072 3072 3072 0 0 0 0 0 0 0 0 0 0 0 0 0 0 0 0 0 0 0 1024 2059 1035 1024 0 0 0 0 0 0 0 0 0 0 11 3083 0 0 0 0 0 0 0 0 0 0 0 0 0 0 0 0 0 0 0 0 0 0 0 
0 0 0 0 0 0 0 0 0 0 0 0 0 0 0 0 0 0 0 0 0 0 0 0 0 0 0 0 0 0 2162 2163 1139 1138 0 0 0 0 0 0 0 0 0 0 0 0 0 0 33 0 0 0 0 0 2048 2048 2048 2048 2059 1123 0 0 1024 11 3083 3072 0 0 0 0 0 0 0 0 0 0 0 0 0 0 0 0 0 0 0 0 0 0 0 0 0 2059 1035 1024 0 0 0 0 0 0 0 0 11 3083 0 0 0 0 0 0 0 0 0 0 0 0 0 0 0 0 0 0 0 0 0 0 0 0 
0 0 0 0 0 0 0 0 0 0 0 0 0 0 0 0 0 0 0 0 0 0 0 0 0 0 0 0 0 0 0 0 2162 2163 1139 1138 0 0 0 0 0 0 0 0 0 0 0 0 33 0 0 0 0 0 0 0 0 0 0 0 0 0 1024 2059 1035 1024 1024 0 0 0 0 2048 2048 0 0 0 0 0 0 0 0 0 0 0 0 0 0 0 0 0 0 1024 2059 1035 0 0 0 0 0 0 0 0 2052 1027 1027 1027 1027 3 1027 1035 0 0 0 0 0 0 0 0 0 0 0 0 0 0 0 0 0 0 
2048 0 0 0 0 0 0 0 0 0 0 0 0 0 0 0 0 0 0 0 0 0 0 0 0 0 0 0 0 0 0 0 0 0 2162 2163 1139 1138 0 0 0 0 0 0 0 0 0 0 33 0 0 0 0 0 0 0 0 0 0 0 0 0 0 0 2059 1035 0 0 0 0 0 0 0 0 0 0 0 0 0 0 0 0 0 0 0 0 0 0 0 0 0 0 0 2059 1035 1024 0 0 0 0 0 0 0 0 0 0 0 0 0 2059 1035 1024 0 0 0 0 0 0 0 0 0 0 0 0 0 0 0 0 
0 0 0 0 0 0 0 0 0 0 0 0 0 0 0 0 0 0 0 0 0 0 0 0 0 0 0 0 0 0 0 0 0 0 0 0 2162 2163 1139 1138 0 0 0 0 0 0 0 0 33 0 0 0 0 0 0 0 0 0 0 0 0 0 0 0 1024 1135 1123 0 0 0 0 0 0 0 0 0 0 0 0 0 0 0 0 0 0 0 0 0 0 0 0 0 0 0 2059 1035 1024 0 0 0 0 0 0 0 0 0 0 0 0 0 2059 1035 0 0 0 0 0 0 0 0 0 0 0 0 0 0 0 0 
0 0 0 0 0 0 0 0 0 0 0 0 0 0 0 0 0 0 0 0 0 0 0 0 0 0 0 0 0 0 0 0 0 0 0 0 0 0 2162 2163 1139 1138 0 0 0 0 0 0 33 0 0 0 0 0 0 0 0 0 0 0 0 0 0 0 11 3083 0 0 0 0 0 0 0 0 0 0 0 0 0 0 0 0 0 0 0 0 0 0 0 0 0 0 0 0 1024 2059 1035 0 0 0 0 0 0 0 0 0 0 0 0 0 1024 2059 1035 1024 1024 0 0 0 0 0 0 0 0 0 0 0 0 0 
0 0 0 0 0 0 0 0 0 0 0 0 0 0 0 0 0 0 0 0 0 0 0 0 0 0 0 0 0 0 0 0 0 0 0 0 0 0 0 0 2162 2163 1035 2048 0 0 0 0 33 0 0 0 0 0 0 0 0 0 0 0 0 0 0 11 3083 3072 0 0 0 0 0 0 0 0 0 0 0 0 0 0 0 0 0 0 0 0 0 0 0 0 0 0 0 0 0 0 2059 1035 1024 0 0 0 0 0 0 0 0 0 0 0 0 0 2059 1035 1024 0 0 0 0 0 0 0 0 0 0 0 0 0 
0 0 0 0 0 0 0 0 0 0 0 11 3 3 3 3 3 3 3 3 3 3 3 3 3 3 3 3 3 3 3 3 3 3 3 3 3 3 3 3 3 3 3083 0 0 0 0 0 1060 3 3 3 3 3 3 3 3 3 3 3 3 3 3 2053 3 3 3 3 3 3 3 3 3 3 3 3 3 3 3 3 3 3 3 3 3 3 3 3 3 3 3 3 3 1035 1024 0 0 2059 1035 0 0 0 0 0 0 0 0 0 0 0 0 0 1024 2059 1035 0 0 0 0 0 0 0 0 0 0 0 0 0 
0 0 2048 0 0 0 0 0 0 0 0 33 234 234 234 234 234 234 234 234 234 234 234 234 0 0 0 0 0 0 0 0 0 0 0 0 0 0 0 0 0 0 0 0 0 0 0 0 33 253 253 253 253 253 253 253 253 253 253 253 253 0 0 0 0 0 0 0 0 0 0 0 0 0 0 0 0 0 0 0 0 0 0 0 0 0 0 0 0 0 0 0 0 2059 1035 0 0 0 33 0 0 0 0 0 0 0 0 0 0 0 0 1024 1024 1024 2059 1035 1024 0 0 0 0 0 0 0 0 0 0 0 
0 0 0 0 0 0 0 0 0 0 0 33 234 234 234 234 234 234 234 234 234 234 234 234 0 0 0 0 0 0 0 0 0 0 0 0 0 0 0 0 0 0 0 0 0 0 0 0 33 253 253 253 253 253 253 253 253 253 253 253 253 0 0 0 0 0 0 0 0 0 0 0 0 0 0 0 0 0 0 0 0 0 0 0 0 0 0 0 0 0 0 0 0 0 2059 1035 0 0 33 0 0 0 0 0 0 0 0 0 0 0 0 1024 0 0 0 2059 1035 0 0 0 0 0 0 0 0 0 0 0 
0 0 0 0 0 0 0 0 0 2048 0 33 234 234 234 234 234 234 234 234 234 234 234 234 0 0 0 0 0 0 0 0 0 0 0 0 0 0 0 0 0 0 0 0 0 0 0 0 33 253 253 253 253 253 253 253 253 253 253 253 253 0 0 0 0 0 0 0 0 0 0 0 0 0 0 0 0 0 0 0 0 0 0 0 0 0 0 0 0 0 0 0 0 0 0 2059 1027 1027 3076 0 0 0 0 0 0 0 0 0 0 0 0 0 0 0 0 1024 2059 1035 0 0 0 0 0 0 0 0 0 0 
0 0 0 0 2048 2048 2048 0 0 0 0 33 234 234 234 234 234 234 234 234 234 234 234 234 0 0 0 0 0 0 0 0 0 0 0 0 0 0 0 0 0 0 0 0 0 0 0 0 33 253 253 253 253 253 253 253 253 253 253 253 253 0 0 0 0 0 0 0 0 0 0 0 0 0 0 0 0 0 0 0 0 0 0 0 0 0 0 0 0 0 0 0 0 0 0 0 0 0 0 0 0 0 0 0 0 0 0 0 0 0 0 0 0 0 0 0 0 33 0 0 0 0 0 0 0 0 0 0 
0 0 0 0 2048 2048 2048 0 0 0 0 33 234 234 234 234 234 234 234 234 234 234 234 234 0 0 0 0 0 0 0 0 0 0 1024 1024 1024 1024 0 0 0 0 0 0 0 0 0 0 33 253 253 253 253 253 253 253 253 253 253 253 253 0 0 0 0 0 0 0 0 0 0 0 0 0 0 0 0 0 0 0 0 0 0 0 0 0 0 0 0 0 0 0 0 0 0 0 0 0 0 0 0 0 0 0 0 0 0 0 0 0 0 0 0 0 0 0 0 33 0 0 0 0 0 0 0 0 0 0 
0 0 0 0 2048 2048 2048 0 0 0 0 33 234 234 234 234 234 1261 234 234 234 234 234 234 0 0 0 0 0 11 3 3 1035 1024 1024 1024 1024 1024 0 0 0 0 0 0 0 0 0 0 33 253 253 253 253 253 251 253 253 253 253 253 253 0 0 0 0 0 0 0 0 0 0 0 0 0 0 0 0 0 0 0 0 0 0 0 0 0 0 0 0 0 0 0 0 0 0 0 0 0 0 0 0 0 0 0 0 0 0 0 0 0 0 0 0 0 0 0 0 33 0 0 0 0 0 0 0 0 0 0 
0 0 0 0 2048 2048 2048 0 0 0 0 33 234 234 234 234 234 234 234 234 234 234 234 234 0 0 0 0 11 3083 0 0 2059 1035 1024 1024 1024 1024 0 0 0 0 0 0 0 0 0 0 33 253 253 253 253 253 253 253 253 253 253 253 253 0 0 0 0 0 0 0 0 0 0 0 0 0 0 0 0 0 0 0 0 0 0 0 0 0 0 0 0 0 0 0 0 0 0 0 0 0 0 0 0 0 0 0 0 0 0 0 0 0 0 0 2048 2048 2048 2048 11 3083 0 0 0 0 0 0 0 0 0 0 
0 0 0 0 2048 2048 2048 0 0 0 0 33 234 234 234 234 234 234 234 234 234 234 234 234 0 0 0 11 3083 0 0 0 1024 2059 1035 1024 1024 1024 0 0 0 0 0 0 0 0 0 0 33 253 253 253 253 253 253 253 253 253 253 253 253 0 0 0 0 0 0 0 0 0 0 0 0 0 0 0 0 0 0 0 0 0 0 0 0 0 0 0 0 0 0 0 0 0 0 0 0 0 0 0 0 0 0 0 0 0 0 0 0 0 0 2048 2048 2048 3072 11 3083 2048 0 0 0 0 0 0 0 0 0 0 
0 0 0 0 2048 2048 2048 2048 2048 0 0 33 234 234 234 234 234 234 234 234 234 234 234 234 0 0 11 3083 0 0 0 0 1024 1024 2059 1035 1024 1024 1024 0 0 0 0 0 0 0 0 0 33 253 253 253 253 253 253 253 253 253 253 253 253 0 0 0 11 1035 0 0 0 0 0 0 0 0 0 0 0 0 0 0 0 0 0 0 0 0 0 1024 1024 1024 11 1027 1027 3 1027 1027 1027 1027 3 1027 1027 1027 3 1027 1035 0 0 0 0 0 0 2048 2048 2048 11 3083 2048 2048 0 0 0 0 0 0 0 0 0 0 
0 0 0 0 2048 2048 2048 2048 2048 0 2048 33 234 234 234 234 234 234 234 234 234 234 234 234 0 11 3083 0 0 0 0 0 1024 1024 1024 2059 1035 1024 1024 0 0 0 0 0 0 0 0 0 33 253 253 253 253 253 253 253 253 253 253 253 253 0 0 11 3083 2059 1035 1024 0 0 0 0 0 0 0 0 0 0 0 0 0 0 0 0 0 0 0 1024 0 11 3083 0 0 0 0 0 0 0 0 0 0 0 0 0 2059 1035 1024 0 0 0 0 2048 3072 11 3083 3072 2048 2048 0 0 0 0 0 0 0 0 0 0 
0 0 0 0 0 0 0 0 0 0 0 33 234 234 234 234 234 234 234 234 234 234 234 234 11 3083 2048 2048 0 0 0 0 1024 1024 3072 3072 2059 1035 3072 0 0 0 0 0 0 0 0 0 33 253 253 253 253 253 253 253 253 253 253 253 253 2048 11 3083 2048 0 2059 1035 0 0 0 0 0 0 0 0 0 0 0 0 0 0 0 0 0 0 0 1024 11 3083 1024 0 0 0 0 0 0 0 0 0 0 0 0 0 0 2059 1035 0 0 0 0 3072 11 3083 2048 2048 2048 2048 0 0 0 0 0 0 0 0 0 0 
0 0 0 0 0 0 0 0 0 0 0 33 234 234 234 234 234 234 234 234 234 234 234 234 33 0 0 0 0 0 0 0 1024 1024 1024 1024 1024 2059 1035 0 0 0 0 0 0 0 0 0 33 253 253 253 253 253 253 253 253 253 253 253 253 11 3083 0 0 0 1024 2059 1035 0 0 0 0 0 0 0 0 0 0 0 0 0 0 0 0 0 0 11 3083 0 1024 0 0 0 0 0 0 0 0 0 0 0 0 0 0 1024 2059 1035 0 0 0 11 3083 2048 2048 2048 2048 0 0 0 0 0 0 0 0 0 0 0 
0 0 0 0 0 0 0 0 0 0 0 33 0 0 0 0 0 0 0 0 0 0 0 0 33 0 0 0 0 0 0 0 1024 1024 1024 1024 1024 1024 2059 3 3 3 3 3 3 3 3 3 2053 3 3 3 3 3 3 3 3 3 3 3 3 3083 0 0 0 0 0 0 2059 1027 1027 3 1027 1027 1027 1027 3 1027 1027 1027 3 1027 1027 1027 1027 3 1027 3083 1024 1024 1024 0 0 0 0 0 0 0 0 0 0 0 0 0 0 0 0 2059 1027 3 1027 3083 3072 2048 2048 2048 2048 0 0 0 0 0 0 0 0 0 0 0 
0 0 0 0 0 0 0 0 0 0 0 33 0 0 0 0 0 0 0 0 0 0 0 0 33 0 0 0 0 0 0 0 0 0 0 0 0 0 0 0 0 0 0 0 0 0 0 0 0 0 0 0 0 0 0 0 0 0 0 0 0 0 0 0 0 0 0 0 0 0 0 0 0 0 0 0 0 0 0 0 0 0 0 0 0 0 0 0 0 0 0 0 0 0 0 0 0 0 0 0 0 0 0 0 0 0 0 0 0 0 0 0 0 0 0 0 0 0 0 0 0 0 0 0 0 0 0 0 
0 0 0 0 0 0 0 0 0 0 0 33 0 0 0 0 0 0 0 0 0 0 0 0 33 0 0 0 0 0 0 0 0 0 0 0 0 0 0 0 0 0 0 0 0 0 0 0 0 0 0 0 0 0 0 0 0 0 0 0 0 0 0 0 0 0 0 0 0 0 0 0 0 0 0 0 0 0 0 0 0 0 0 0 0 0 0 0 0 0 0 0 0 0 0 0 0 0 0 0 0 0 0 0 0 0 0 0 0 0 0 0 0 0 0 0 0 0 0 0 0 0 0 0 0 0 0 0 
0 0 0 0 0 0 0 0 0 0 0 33 0 0 0 0 0 0 0 0 0 0 0 0 33 0 0 0 0 0 0 0 0 0 0 0 0 0 0 0 0 0 0 0 0 0 0 0 0 0 0 0 0 0 0 0 0 0 0 0 0 0 0 0 0 0 0 0 0 0 0 0 0 0 0 0 0 0 0 0 0 0 0 0 0 0 0 0 0 0 0 0 0 0 0 0 0 0 0 0 0 0 0 0 0 0 0 0 0 0 0 0 0 0 0 0 0 0 0 0 0 0 0 0 0 0 0 0 
0 0 0 0 0 0 0 0 0 0 0 33 0 0 0 0 0 0 0 0 0 0 0 0 33 0 0 0 0 0 0 0 0 0 0 0 0 0 0 0 0 0 0 0 0 0 0 0 0 0 0 0 0 0 0 0 0 0 0 0 0 0 0 0 0 0 0 0 0 0 0 0 0 0 0 0 0 0 0 0 0 0 0 0 0 0 0 0 0 0 0 0 0 0 0 0 0 0 0 0 0 0 0 0 0 0 0 0 0 0 0 0 0 0 0 0 0 0 0 0 0 0 0 0 0 0 0 0 
0 0 0 0 0 0 0 0 0 0 0 33 0 0 0 0 0 0 0 0 0 0 0 0 33 0 0 0 0 0 0 0 0 0 0 0 0 0 0 0 0 0 0 0 0 0 0 0 0 0 0 0 0 0 0 0 0 0 0 0 0 0 0 0 0 0 0 0 0 0 0 0 0 0 0 0 0 0 0 0 0 0 0 0 0 0 0 0 0 0 0 0 0 0 0 0 0 0 0 0 0 0 0 0 0 0 0 0 0 0 0 0 0 0 0 0 0 0 0 0 0 0 0 0 0 0 0 0 
0 0 0 0 0 0 0 0 0 0 0 33 0 0 0 0 0 0 0 0 0 0 0 0 33 2048 2048 2048 2048 0 0 2048 2048 114 115 3 3 3 3 1027 1027 3 1027 1027 1027 1027 1139 1138 3072 3072 1024 1024 3072 3072 3072 3072 0 0 0 0 0 0 0 0 0 0 0 0 0 0 0 0 0 0 0 0 0 0 0 0 0 0 0 0 0 0 0 0 0 0 0 0 0 0 0 0 0 0 0 0 0 0 0 0 0 0 0 0 0 0 0 0 0 0 0 0 0 0 0 0 0 0 0 0 0 0 0 0 
0 0 0 0 0 0 0 0 0 0 0 2081 0 0 0 0 0 0 0 0 0 0 2048 0 2081 2048 2048 2048 2048 0 0 114 115 3187 3186 0 0 0 0 1024 1024 0 1024 1024 1024 1024 2162 2163 1139 1138 1024 1024 3072 3072 3072 3072 0 0 0 0 0 0 0 0 0 0 0 0 0 0 0 0 0 0 0 0 0 0 0 0 0 0 0 0 0 0 0 0 0 0 0 0 0 0 0 0 0 0 0 0 0 0 0 0 0 0 0 0 0 0 0 0 0 0 0 0 0 0 0 0 0 0 0 0 0 0 0 0 
0 0 0 0 0 0 0 0 0 0 0 2081 0 0 0 0 0 0 0 0 0 0 0 0 2081 2048 2048 2048 3072 2048 11 3187 3186 2048 2048 2048 2048 0 0 1024 1024 0 1024 1024 3072 3072 3072 3072 2162 2163 1139 1138 1024 1024 3072 3072 3072 3072 0 0 0 0 0 0 0 0 0 0 0 0 0 0 0 0 0 0 0 0 0 0 0 0 0 0 0 0 0 0 0 0 0 0 0 0 0 0 0 0 0 0 0 0 0 0 0 0 0 0 0 0 0 0 0 0 0 0 0 0 0 0 0 0 0 0 0 0 0 0 
0 0 0 0 0 0 0 0 0 0 0 2081 0 0 0 0 0 0 0 0 0 0 0 0 2081 2048 2048 2048 2048 11 3083 2048 2048 2048 3072 3072 2048 0 0 1024 1024 0 1024 1024 3072 2048 2048 3072 3072 3072 2162 2163 1035 3072 2048 3072 3072 3072 0 0 0 0 0 0 0 0 0 0 0 0 0 0 0 0 0 0 0 0 0 0 0 0 0 0 0 0 0 0 0 0 0 0 0 0 0 0 0 0 0 0 0 0 0 0 0 0 0 0 0 0 0 0 0 0 0 0 0 0 0 0 0 0 0 0 0 0 0 0 
0 0 0 0 0 0 0 0 0 0 0 2081 0 0 0 0 0 0 0 0 0 0 0 0 2081 2048 2048 3072 11 3083 2048 2048 2048 2048 2048 2048 2048 0 0 1024 1024 0 1024 1024 3072 3072 3072 3072 3072 3072 3072 3072 2059 1035 3072 3072 3072 3072 0 0 0 0 0 0 0 0 0 0 0 0 0 0 0 0 0 0 0 0 0 0 0 0 0 0 0 0 0 0 0 0 0 0 0 0 0 0 0 0 0 0 0 0 0 0 0 0 0 0 0 0 0 0 0 0 0 0 0 0 0 0 0 0 0 0 0 0 0 0 
0 0 0 0 0 0 0 0 0 0 0 2081 0 0 0 0 0 0 0 0 0 0 0 0 2081 2048 2048 11 3083 2048 3072 2048 2048 2048 2048 2048 2048 0 0 1024 1024 0 1024 1024 3072 3072 3072 3072 3072 3072 3072 3072 3072 2059 1035 3072 3072 3072 3072 0 0 0 0 0 0 0 0 0 0 0 0 0 0 0 0 0 0 0 0 0 0 0 0 0 0 0 0 0 0 0 0 0 0 0 0 0 0 0 0 0 0 0 0 0 0 0 0 0 0 0 0 0 0 0 0 0 0 0 0 0 0 0 0 0 0 0 0 0 
0 0 0 0 0 0 0 0 0 0 0 2081 0 0 0 0 0 0 0 0 0 0 0 0 2081 2048 29 3133 2048 2048 2048 2048 2048 2048 2048 2048 2048 0 0 1024 1024 0 1024 1024 3072 3072 3072 3072 3072 3072 3072 3072 2048 3072 2059 1035 2048 3072 3072 0 0 0 0 0 0 0 0 0 0 0 0 0 0 0 0 0 0 0 0 0 0 0 0 0 0 0 0 0 0 0 0 0 0 0 0 0 0 0 0 0 0 0 0 0 0 0 0 0 0 0 0 0 0 0 0 0 0 0 0 0 0 0 0 0 0 0 0 0 
0 0 0 0 0 0 0 0 0 0 0 2081 0 0 0 0 0 0 0 0 0 0 0 0 2081 2048 61 3101 2048 2048 2048 2048 2048 2048 0 2048 2048 0 0 0 0 0 0 0 0 0 0 0 0 0 0 0 3072 3072 3072 2109 1053 3072 0 0 0 0 0 0 0 0 0 0 0 0 0 0 0 0 0 0 0 0 0 0 0 0 0 0 0 0 0 0 0 0 0 0 0 0 0 0 0 0 0 0 0 0 0 0 0 0 0 0 0 0 0 0 0 0 0 0 0 0 0 0 0 0 0 0 0 0 0 0 
0 0 0 0 0 0 0 0 0 0 0 2081 0 0 0 0 0 0 0 0 0 0 0 2048 2081 29 3133 2048 2048 2048 2048 0 0 0 0 2048 2048 0 114 115 3 3 3 3 1139 1138 1024 3072 3072 3072 0 0 3072 3072 3072 2077 1085 3072 0 0 0 0 0 0 0 0 0 0 0 0 0 0 0 0 0 0 0 0 0 0 0 0 0 0 0 0 0 0 0 0 0 0 0 0 0 0 0 0 0 0 0 0 0 0 0 0 0 0 0 0 0 0 0 0 0 0 0 0 0 0 0 0 0 0 0 0 0 0 
0 0 0 0 0 0 0 0 0 0 0 2081 0 0 0 0 0 0 0 0 0 0 0 2048 2081 61 3101 2048 2048 2048 0 0 0 0 0 2048 2048 11 3187 3186 2048 2048 2048 2048 2162 2163 1035 3072 3072 3072 0 0 0 0 3072 0 2109 1053 0 0 0 0 0 0 0 0 0 0 0 0 0 0 0 0 0 0 0 0 0 0 0 0 0 0 0 0 0 0 0 0 0 0 0 0 0 0 0 0 0 0 0 0 0 0 0 0 0 0 0 0 0 0 0 0 0 0 0 0 0 0 0 0 0 0 0 0 0 0 
0 0 0 0 0 0 0 0 0 0 0 2081 0 0 0 0 0 0 0 0 0 0 0 2048 30 31 2048 2048 2048 2048 0 0 0 0 0 3072 11 3083 0 0 0 2048 2048 3072 1024 1024 2059 1035 2048 3072 0 0 0 0 0 0 2077 1085 0 0 0 0 0 0 0 0 0 0 0 0 0 0 0 0 0 0 0 0 0 0 0 0 0 0 0 0 0 0 0 0 0 0 0 0 0 0 0 0 0 0 0 0 0 0 0 0 0 0 0 0 0 0 0 0 0 0 0 0 0 0 0 0 0 0 0 0 0 0 
0 0 0 0 2048 0 0 0 0 0 0 2081 0 0 0 0 0 0 0 0 0 0 0 2048 62 3101 0 2048 0 2048 2048 2048 0 2048 0 2048 2081 2048 0 2048 2048 2048 2048 2048 3072 1024 3072 2059 1035 3072 0 0 3072 3072 0 3072 3072 2109 1053 0 0 0 0 0 0 0 0 0 0 0 0 0 11 2051 2051 2051 3075 3 1027 3 1027 1027 1027 1027 1027 1035 0 0 0 0 0 0 0 0 0 0 0 0 0 0 0 0 0 0 0 0 0 0 0 0 0 0 0 0 0 0 0 0 0 0 0 0 0 0 0 0 0 0 
0 0 0 0 2048 0 0 0 0 0 0 2081 0 0 0 0 0 0 0 0 0 0 0 2048 2081 2048 0 0 0 0 2048 2048 0 2048 0 2048 2081 2048 0 3072 2048 2048 2048 2048 2048 1024 3072 3072 2109 1053 0 0 3072 3072 3072 0 0 2077 1085 0 0 0 0 0 0 0 0 0 0 0 0 0 33 254 254 254 254 254 254 254 254 254 254 254 254 33 0 0 0 0 0 0 0 0 0 0 0 0 0 0 0 0 0 0 0 0 0 0 0 0 0 0 0 0 0 0 0 0 0 0 0 0 0 0 0 0 0 0 
0 0 0 0 2048 0 0 0 0 0 0 2081 0 0 0 0 0 0 0 0 0 0 0 2048 2081 2048 0 0 0 0 2048 2048 0 2048 2048 2048 2081 2048 0 2048 2048 2048 2048 2048 3072 1024 3072 3072 2077 1085 0 0 0 0 0 0 0 0 33 0 0 0 0 0 0 0 0 0 0 0 0 0 2081 254 254 254 254 254 254 254 254 254 254 254 254 2081 0 0 0 0 0 0 0 0 0 0 0 0 0 0 0 0 0 0 0 0 0 0 0 0 0 0 0 0 0 0 0 0 0 0 0 0 0 0 0 0 0 0 
0 0 0 0 2048 0 0 0 0 0 0 2081 0 0 0 0 0 0 0 0 0 0 0 0 2081 0 2048 2048 2048 2048 192 1216 0 0 0 2048 2081 0 2048 2048 2048 0 2048 2048 3072 1024 1024 3072 0 33 0 0 0 0 0 0 0 0 2081 0 0 0 0 0 0 0 0 0 0 0 0 0 2081 254 254 254 254 254 254 254 254 254 254 254 254 2081 0 0 0 0 0 0 0 0 0 0 0 0 0 0 0 0 0 0 0 0 0 0 0 0 0 0 0 0 0 0 0 0 0 0 0 0 0 0 0 0 0 0 
0 0 0 0 2048 0 0 0 0 0 0 2081 0 0 0 0 0 0 0 0 0 0 0 0 2081 0 2048 2048 2048 2048 3272 2248 0 0 0 2048 2081 2048 2048 2048 2048 0 2048 2048 3072 3072 3072 3072 0 33 0 0 0 0 0 0 0 0 2081 0 0 0 0 0 0 0 0 0 0 0 0 0 2081 254 254 254 254 254 254 254 254 254 254 254 254 2081 0 0 0 0 0 0 0 0 0 0 0 0 0 0 0 0 0 0 0 0 0 0 0 0 0 0 0 0 0 0 0 0 0 0 0 0 0 0 0 0 0 0 
0 0 0 0 2048 0 0 0 0 0 0 2081 0 0 0 0 0 0 0 0 0 0 0 0 2146 2048 2048 2048 2048 2048 3272 2248 2048 2048 2048 2048 2081 0 3072 2048 2048 0 2048 2048 3072 1024 1024 3072 0 33 0 0 0 0 0 0 0 0 2081 0 0 0 0 0 0 0 0 0 0 0 0 0 2081 254 254 254 254 254 254 254 254 254 254 254 254 2081 0 0 0 0 0 0 0 0 0 0 0 0 0 0 0 0 0 0 0 0 0 0 0 0 0 0 0 0 0 0 0 0 0 0 0 0 0 0 0 0 0 0 
0 0 0 0 2048 2048 0 0 0 0 0 2081 0 0 0 0 0 0 0 0 0 0 0 0 0 0 0 0 0 0 2240 3264 0 0 0 2048 2081 0 2048 2048 2048 0 2048 2048 3072 3072 3072 3072 0 33 0 0 0 0 0 0 0 0 2081 0 0 0 0 0 0 0 0 0 0 0 0 0 33 254 254 254 254 254 255 254 254 254 254 254 254 33 0 0 0 0 0 0 0 0 0 0 0 0 0 0 0 0 0 0 0 0 0 0 0 0 0 0 0 0 0 0 0 0 0 0 0 0 0 0 0 0 0 0 
0 0 0 0 2048 2048 0 0 0 0 0 2081 0 0 0 0 0 0 0 0 0 0 0 0 0 0 2048 2048 2048 2048 0 2048 2048 2048 2048 2048 2081 0 2048 2048 2048 0 2048 2048 3072 3072 3072 3072 0 33 0 0 0 0 0 0 0 0 33 0 0 0 0 0 0 0 0 0 0 0 0 0 33 254 254 254 254 254 254 254 254 254 254 254 254 33 0 0 0 0 0 0 0 0 0 0 0 0 0 0 0 0 0 0 0 0 0 0 0 0 0 0 0 0 0 0 0 0 0 0 0 0 0 0 0 0 0 0 
0 0 0 0 2048 2048 0 0 0 0 0 2081 0 0 0 0 0 0 0 0 0 0 0 0 0 0 0 0 0 0 0 0 0 0 0 0 2081 2048 2048 2048 2048 0 2048 2048 3072 3072 3072 3072 0 2081 0 0 0 0 0 0 0 0 33 0 0 0 0 0 0 0 0 0 0 0 0 0 2081 254 254 254 254 254 254 254 254 254 254 254 254 2081 0 0 0 0 0 0 0 0 0 0 0 0 0 0 0 0 0 0 0 0 0 0 0 0 0 0 0 0 0 0 0 0 0 0 0 0 0 0 0 0 0 0 
0 0 0 0 2048 2048 0 0 0 0 0 2081 0 0 0 0 0 0 0 0 0 0 0 0 0 0 0 0 0 0 0 0 0 0 0 0 2081 2048 2048 2048 2048 0 2048 0 1024 3072 1024 1024 29 3133 0 0 0 0 0 0 0 0 2081 0 0 0 0 0 0 0 0 0 0 0 0 0 2081 254 254 254 254 254 254 254 254 254 254 254 254 2081 0 0 0 0 0 0 0 0 0 0 0 0 0 0 0 0 0 0 0 0 0 0 0 0 0 0 0 0 0 0 0 0 0 0 0 0 0 0 0 0 0 0 
0 0 0 0 2048 2048 0 0 0 0 0 2081 0 0 0 0 0 0 0 0 0 0 0 0 0 0 0 0 0 0 0 0 0 0 0 0 2081 2048 2048 2048 2048 0 2048 0 0 1024 3072 1024 61 3101 0 0 0 0 0 0 0 0 2081 0 0 0 0 0 0 0 0 0 0 0 0 0 2081 254 254 254 254 254 254 254 254 254 254 254 254 2081 0 0 0 0 0 0 0 0 0 0 0 0 0 0 0 0 0 0 0 0 0 0 0 0 0 0 0 0 0 0 0 0 0 0 0 0 0 0 0 0 0 0 
0 0 0 0 2048 2048 0 0 0 0 0 2059 3 1035 248 3072 248 3072 248 3072 248 3072 11 3 3 3 3 3 3 3 3 3 3 3 3 3 3083 2048 2048 2048 2048 0 0 0 1024 3072 3072 11 3083 1024 0 0 0 0 0 0 0 0 2081 0 0 0 0 0 0 0 0 0 0 0 0 0 2081 254 254 254 254 254 254 254 254 254 254 254 254 2081 0 0 0 0 0 0 0 0 0 0 0 0 0 0 0 0 0 0 0 0 0 0 0 0 0 0 0 0 0 0 0 0 0 0 0 0 0 0 0 0 0 0 
0 0 0 0 2048 2048 0 0 0 0 0 0 0 2081 0 0 0 0 0 0 0 3072 3105 0 0 0 0 0 0 0 0 0 0 0 0 0 0 0 0 0 0 0 0 0 0 114 115 3083 0 1024 0 0 0 0 0 0 0 0 2081 0 0 0 0 0 0 0 0 0 0 0 0 0 2081 254 254 254 254 254 254 254 254 254 254 254 254 33 0 0 0 0 0 0 0 0 0 0 0 0 0 0 0 0 0 0 0 0 0 0 0 0 0 0 0 0 0 0 0 0 0 0 0 0 0 0 0 0 0 0 
0 0 0 0 2048 2048 2048 2048 0 0 0 0 0 2059 2051 3075 2051 3075 3075 3075 3075 3075 3083 0 0 0 0 0 0 0 0 0 0 0 0 0 0 0 0 0 0 0 0 114 115 3187 3186 3072 1024 1024 0 0 0 0 0 0 0 0 2081 0 0 0 0 0 0 0 2048 2048 114 115 3 3 3083 0 0 0 0 0 0 0 0 0 0 0 0 2081 0 0 0 0 0 0 0 0 0 0 0 0 0 0 0 0 0 0 0 0 0 0 0 0 0 0 0 0 0 0 0 0 0 0 0 0 0 0 0 0 0 0 
0 0 0 0 2048 2048 2048 2048 0 0 0 0 0 0 0 0 0 11 3 3 3 3 3 3 3 3 3 3 3 3 3 3 3 3 3 3 3 3 3 3 3 3 3 3187 3186 1024 1024 1024 0 0 0 0 0 0 0 0 0 29 3133 0 0 0 0 0 0 0 114 115 3187 3186 2048 0 0 0 0 0 0 0 0 0 0 0 0 0 0 2081 0 0 0 0 0 0 0 0 0 0 0 0 0 0 0 0 0 0 0 0 0 0 0 0 0 0 0 0 0 0 0 0 0 0 0 0 0 0 0 0 0 0 
0 0 0 0 2048 2048 2048 2048 0 0 0 0 0 0 0 0 0 3105 0 0 0 0 0 0 0 0 0 0 0 0 0 0 0 0 0 0 0 0 0 0 0 0 0 2048 2048 2048 2048 0 0 0 0 0 0 0 0 0 0 61 3101 0 0 0 0 0 1024 11 3187 3186 0 0 2048 0 0 0 0 0 0 0 0 0 0 0 0 0 0 2081 0 0 0 0 0 0 0 0 0 0 0 0 0 0 0 0 0 0 0 0 0 0 0 0 0 0 0 0 0 0 0 0 0 0 0 0 0 0 0 0 0 0 
0 0 0 0 2048 2048 2048 2048 0 0 0 0 0 0 0 0 0 2081 0 0 0 0 0 0 0 0 0 0 0 0 0 0 0 0 0 0 0 0 0 0 0 0 0 0 0 0 0 0 0 0 0 0 0 0 0 0 29 3133 0 0 0 0 0 0 11 3083 0 0 0 0 2048 0 0 0 0 0 0 0 0 0 0 0 0 0 0 2081 0 0 0 0 0 0 0 0 0 0 0 0 0 0 0 0 0 0 0 0 0 0 0 0 0 0 0 0 0 0 0 0 0 0 0 0 0 0 0 0 0 0 
0 0 0 0 2048 2048 2048 2048 0 0 0 0 0 0 0 0 0 2081 0 0 0 0 0 0 0 0 0 0 0 0 0 0 0 0 0 0 0 0 0 2048 2048 2048 0 0 0 0 0 0 0 0 0 0 0 0 0 0 61 3101 0 0 1024 1024 1024 11 3083 3072 2048 2048 2048 2048 2048 0 0 0 0 0 0 0 0 0 0 0 0 0 0 33 0 0 0 0 0 0 0 0 0 0 0 0 0 0 0 0 0 0 0 0 0 0 0 0 0 0 0 0 0 0 0 0 0 0 0 0 0 0 0 0 0 0 
0 0 0 0 2048 2048 2048 2048 2048 2048 2048 0 0 0 0 0 0 2081 0 0 0 0 0 0 0 0 0 0 0 0 0 0 0 0 0 0 0 0 0 0 0 0 0 0 0 0 0 0 0 0 0 0 0 0 0 11 3083 0 0 0 3072 3072 11 3083 0 0 0 0 2048 0 192 196 196 196 196 1220 1216 1024 0 0 0 0 0 0 0 33 0 0 0 0 0 0 0 0 0 0 0 0 0 0 0 0 0 0 0 0 0 0 0 0 0 0 0 0 0 0 0 0 0 0 0 0 0 0 0 0 0 0 
0 0 0 0 2048 2048 2048 2048 2048 2048 2048 0 0 0 0 0 0 2081 0 0 0 0 0 0 0 0 0 0 0 0 0 0 0 0 0 0 0 0 0 0 0 0 0 0 0 0 1024 2048 0 0 0 0 0 0 11 3083 0 0 0 0 3072 11 3083 3072 2048 2048 2048 2048 2048 0 2240 2244 2244 2244 2244 3268 3264 1024 0 0 0 0 0 0 0 2081 0 0 0 0 0 0 0 0 0 0 0 0 0 0 0 0 0 0 0 0 0 0 0 0 0 0 0 0 0 0 0 0 0 0 0 0 0 0 0 0 0 0 
0 0 0 0 2048 2048 2048 2048 2048 2048 2048 0 0 0 0 0 0 2081 0 0 0 0 0 0 0 0 0 0 0 0 0 0 0 0 0 0 0 0 0 0 0 0 0 0 0 0 2048 2048 0 0 0 0 0 11 3083 0 0 0 0 0 11 3083 3072 3072 2048 2048 2048 2048 2048 0 0 0 0 0 0 1024 1024 1024 0 0 0 0 0 0 0 2081 0 0 0 0 0 0 0 0 0 0 0 0 0 0 0 0 0 0 0 0 0 0 0 0 0 0 0 0 0 0 0 0 0 0 0 0 0 0 0 0 0 0 
0 0 0 0 2048 2048 2048 2048 2048 2048 2048 2048 2048 0 0 0 0 2081 0 2048 2048 0 0 0 0 0 0 0 0 0 0 0 0 0 0 0 0 0 0 0 0 0 0 0 0 0 0 0 0 0 0 0 11 3083 0 0 0 2048 3072 29 3133 2048 2048 2048 2048 2048 2048 2048 2048 0 0 0 0 0 0 0 1024 1024 1024 1024 0 0 0 0 0 2081 0 0 0 0 0 0 0 0 0 0 0 0 0 0 0 0 0 0 0 0 0 0 0 0 0 0 0 0 0 0 0 0 0 0 0 0 0 0 0 0 0 0 
0 0 0 0 2048 2048 2048 2048 2048 2048 2048 2048 2048 0 0 0 0 2081 0 2048 2048 2048 0 0 0 2048 2048 2048 2048 2048 2048 0 0 0 0 0 0 0 0 2048 0 0 0 0 0 0 0 0 0 0 0 11 3083 2048 2048 2048 2048 2048 3072 61 3101 2048 2048 2048 2048 2048 2048 2048 2048 0 0 0 0 0 0 0 0 0 0 0 0 0 0 0 0 2081 0 0 0 0 0 0 0 0 0 0 0 0 0 0 0 0 0 0 0 0 0 0 0 0 0 0 0 0 0 0 0 0 0 0 0 0 0 0 0 0 0 0 
0 0 0 0 2048 2048 2048 2048 2048 2048 2048 2048 2048 0 0 0 0 2081 0 2048 2048 2048 0 0 0 2048 2048 2048 2048 2048 2048 0 0 0 0 0 0 0 0 2048 0 0 0 0 0 0 0 0 0 0 11 3083 0 0 2048 2048 2048 2048 29 3133 3072 2048 2048 2048 2048 2048 2048 2048 2048 0 0 0 0 0 0 0 0 0 0 0 0 0 0 0 0 2081 0 0 0 0 0 0 0 0 0 0 0 0 0 0 0 0 0 0 0 0 0 0 0 0 0 0 0 0 0 0 0 0 0 0 0 0 0 0 0 0 0 0 
0 0 0 0 0 0 0 0 0 0 0 0 0 0 0 0 0 2081 0 0 0 0 0 0 0 0 0 0 0 0 0 2048 2048 2048 2048 0 0 0 0 0 0 0 2048 2048 2048 2048 2048 2048 114 115 3083 0 0 0 0 0 0 0 61 3101 3072 0 0 0 0 0 0 0 0 0 11 3 3 3 3 3 1027 2051 3075 2051 3075 3075 3075 3075 3075 3083 0 0 0 0 0 0 0 0 0 0 0 0 0 0 0 0 0 0 0 0 0 0 0 0 0 0 0 0 0 0 0 0 0 0 0 0 0 0 0 0 0 0 
0 0 0 0 0 0 0 0 0 0 0 0 0 0 0 0 0 2081 0 0 0 0 0 0 0 0 0 0 11 3 3 1035 0 0 0 0 0 0 0 0 0 0 2048 2048 2048 2048 114 115 3187 3186 2048 2048 2048 0 0 0 0 0 2081 0 0 0 0 0 0 0 0 0 0 11 3083 2048 0 0 0 0 0 0 0 0 0 0 0 0 0 0 0 0 0 0 0 0 0 0 0 0 0 0 0 0 0 0 0 0 0 0 0 0 0 0 0 0 0 0 0 0 0 0 0 0 0 0 0 0 0 0 0 0 
0 0 0 0 0 0 0 0 0 0 0 0 0 0 0 0 0 2081 0 0 0 0 0 0 0 0 0 2048 2081 0 0 2081 2048 0 0 0 0 0 0 0 0 0 2048 2048 114 115 3187 3186 0 0 0 2048 2048 0 0 0 0 0 2081 0 0 0 0 0 0 0 0 0 11 3083 0 0 0 0 0 0 0 0 0 0 0 0 0 0 0 0 0 0 0 0 0 0 0 0 0 0 0 0 0 0 0 0 0 0 0 0 0 0 0 0 0 0 0 0 0 0 0 0 0 0 0 0 0 0 0 0 0 0 
0 0 0 0 0 0 0 0 0 0 0 0 0 0 0 0 0 2081 0 0 0 0 0 0 0 0 0 2048 2081 0 240 2081 2048 0 0 0 0 0 0 0 0 0 114 115 3187 3186 0 0 0 0 0 0 0 0 0 0 0 0 2081 0 0 0 0 0 0 0 0 11 3083 0 0 0 0 0 0 0 0 0 0 0 0 0 0 0 0 0 0 0 0 0 0 0 0 0 0 0 0 0 0 0 0 0 0 0 0 0 0 0 0 0 0 0 0 0 0 0 0 0 0 0 0 0 0 0 0 0 0 0 
0 0 0 0 0 0 0 0 0 0 0 0 0 0 0 0 0 2081 0 0 0 0 0 0 0 0 0 2048 2059 3 3 3083 2048 0 0 0 0 0 0 0 0 0 72 3186 0 0 0 0 0 0 0 0 0 0 0 0 0 0 2081 0 0 0 0 0 0 0 0 2081 0 0 0 0 0 0 0 0 0 0 0 0 0 0 0 0 0 0 0 0 0 0 0 0 0 0 0 0 0 0 0 0 0 0 0 0 0 0 0 0 0 0 0 0 0 0 0 0 0 0 0 0 0 0 0 0 0 0 0 0 
0 0 0 0 0 0 0 0 0 0 0 0 0 0 0 0 0 2081 0 0 0 0 0 0 0 0 0 0 0 0 0 0 0 0 0 0 0 0 0 0 0 0 2120 1138 2048 0 240 225 225 0 2048 2048 2048 2048 2048 2048 2048 0 2081 0 0 0 0 0 0 0 0 2081 0 0 0 0 0 0 0 0 0 0 0 0 0 11 2051 3 3 3075 1035 0 0 0 0 0 0 0 0 0 0 11 2051 3 3 3075 1035 0 0 0 0 0 0 0 0 0 0 0 0 0 0 0 0 0 0 0 0 0 0 0 0 0 
0 0 0 0 0 0 0 0 0 0 0 0 0 0 0 0 0 2081 0 0 0 0 0 0 0 0 0 0 0 0 0 0 0 0 0 0 0 0 0 0 0 0 2162 2163 1139 1138 2048 2048 2048 2048 2048 2048 2048 2048 2048 2048 2048 0 2081 2048 0 0 0 0 0 0 0 2081 0 0 0 0 0 0 0 0 0 0 0 0 0 1057 0 0 0 0 33 0 0 0 0 0 0 0 0 0 0 1057 1024 1024 1024 0 33 0 0 0 0 0 0 0 0 0 0 0 0 0 0 0 0 0 0 0 0 0 0 0 0 0 
0 0 0 0 0 0 0 0 0 0 0 0 0 0 0 0 0 2081 2048 0 0 0 0 0 0 0 0 0 0 0 0 0 0 0 0 0 0 0 0 0 0 0 0 0 2162 2163 1139 1138 2048 2048 2048 0 0 2048 2048 2048 2048 0 2109 1053 2048 0 0 0 0 0 0 2059 1035 0 0 0 0 0 0 0 0 0 0 0 0 1057 0 0 0 0 33 0 0 0 0 0 0 0 0 0 0 3105 1024 1024 1024 0 2081 0 0 0 0 0 0 0 0 0 0 0 0 0 0 0 0 0 0 0 0 0 0 0 0 0 
0 0 0 0 0 0 0 0 0 0 0 0 0 0 0 0 0 2081 0 0 0 0 0 0 0 0 0 0 0 0 0 0 0 0 0 0 0 0 0 0 0 0 0 0 0 0 2162 2163 1139 1138 0 0 0 2048 2048 2048 2048 0 2077 1085 2048 0 0 0 0 0 0 2048 2059 3 3 3 1027 3 3 3 1027 3 3 3 1027 36 0 0 0 0 33 0 0 0 0 0 0 0 0 0 0 33 0 0 0 0 1060 3 3 3 1027 1027 1027 3 3 1027 1027 1027 3 3 1027 3075 1035 0 0 0 0 0 0 0 0 0 
0 0 0 0 0 0 0 0 0 0 0 0 0 0 0 0 0 2081 0 0 0 0 0 0 0 0 0 0 0 0 0 0 0 0 0 0 0 0 0 0 0 0 0 0 0 0 0 0 2162 2163 1035 2048 2048 2048 2048 2048 2048 0 2048 2109 1053 0 0 0 0 0 0 0 0 0 0 0 0 0 0 0 0 0 0 0 0 33 0 0 0 0 2081 0 0 0 0 0 0 0 0 0 0 2081 0 0 0 0 33 0 0 0 0 0 0 0 0 0 0 0 0 0 0 0 33 0 0 0 0 0 0 0 0 0 
0 0 0 0 0 0 0 0 0 0 0 0 0 0 0 0 0 2081 0 2048 0 0 0 0 0 0 0 0 0 0 0 0 0 0 0 0 0 0 0 0 0 0 0 0 0 0 0 2048 2048 2048 2059 1035 2048 2048 0 0 0 2048 2048 2077 1085 0 0 0 0 0 0 0 0 0 0 0 0 0 0 0 0 0 0 0 0 2081 240 225 233 0 1060 1027 3 3 3 3 3 1027 1027 1027 3 36 240 225 229 0 2081 0 0 0 0 0 0 0 0 0 0 0 0 0 0 0 33 0 0 0 0 0 0 0 0 0 
0 0 0 0 0 0 0 0 0 0 0 0 0 0 0 0 0 2081 0 2048 0 0 0 0 0 0 0 0 0 0 0 0 0 0 0 0 0 0 0 0 0 0 0 0 0 0 0 2048 2048 2048 2048 2059 1035 0 0 0 0 0 2048 2048 2059 1139 1138 2048 2048 0 0 0 0 0 0 0 0 0 0 0 0 0 0 0 0 2081 0 0 0 0 2081 0 0 0 0 0 0 0 0 0 0 2081 0 0 0 0 2081 0 0 0 0 0 0 0 0 0 0 0 0 0 0 0 2059 1027 1035 0 0 0 0 0 0 0 
0 0 0 0 0 0 0 0 0 0 0 0 0 0 0 0 0 2081 0 2048 0 0 0 0 0 0 0 0 0 0 0 0 0 0 0 0 0 0 0 0 0 0 0 0 0 0 0 2048 2048 2048 2048 2048 2059 1035 2048 2048 2048 0 0 0 0 2162 2163 1139 1138 0 0 2048 2048 2048 0 0 0 0 0 0 0 0 0 0 0 2081 0 0 0 1024 2081 0 0 0 0 0 0 0 0 0 0 2081 0 0 0 0 2081 0 0 0 0 0 0 0 0 0 0 0 0 0 0 0 3321 2048 2081 0 0 0 0 0 0 0 
0 0 0 0 0 0 0 0 0 0 0 0 0 0 0 0 0 2081 0 0 0 0 0 0 0 0 0 0 0 0 0 0 0 0 0 0 0 0 0 0 0 0 0 0 0 0 0 0 0 0 0 0 0 2059 1035 2048 2048 0 0 0 0 0 0 2162 2163 1139 1138 2048 2048 0 0 0 0 0 0 0 0 0 0 0 0 2064 0 0 0 0 3088 0 0 0 0 0 0 0 0 0 0 2064 2048 2048 1024 1024 3088 0 0 0 0 0 0 0 0 0 192 1216 0 0 0 0 3072 2048 2081 0 0 0 0 0 0 0 
0 0 0 0 0 0 0 0 0 0 0 0 0 0 0 0 0 2081 0 0 0 0 0 0 0 0 0 0 0 0 0 0 0 0 0 0 0 0 0 0 0 0 0 0 0 0 0 0 0 0 0 0 0 2048 2059 1035 2048 2048 0 0 0 0 0 0 0 2162 2163 1139 1138 0 0 0 0 0 0 0 0 0 0 0 0 0 0 0 0 0 0 0 0 0 0 0 0 0 0 0 0 0 0 0 0 0 0 0 0 0 0 0 0 0 0 0 2240 3264 0 0 0 0 3321 2048 2081 0 0 0 0 0 0 0 
0 0 0 0 0 0 0 0 0 0 0 0 0 0 0 0 0 2059 3 3 3 3 3 3 3 3 3 3 3 3 3 3 3 3 3 3 2051 1139 1138 0 0 3072 3072 2048 0 0 2048 0 0 0 0 0 0 2048 2048 2059 1035 2048 2048 0 0 0 0 0 0 0 0 2162 2163 1139 1138 2048 2048 2048 2048 0 0 0 0 0 0 0 0 0 0 0 0 0 0 0 0 0 0 0 0 0 0 0 0 0 0 0 0 0 0 0 0 0 0 0 0 0 0 0 0 0 0 0 0 2048 2081 0 0 0 0 0 0 0 
0 0 0 0 0 0 0 0 0 0 0 0 0 0 0 0 0 0 0 0 0 0 0 0 0 0 0 0 0 0 0 0 0 0 0 0 2048 2162 2163 1139 1138 3072 3072 3072 3072 2048 2048 0 0 0 0 0 0 2048 2048 2048 2109 1053 2048 0 0 0 0 0 0 0 0 0 0 2162 2163 1139 1138 2048 2048 0 0 0 0 0 0 0 0 0 0 0 0 0 0 0 0 0 0 0 0 0 0 0 0 0 0 0 0 0 0 0 0 0 0 0 0 0 0 0 0 0 0 0 3321 2048 2081 0 0 0 0 0 0 0 
0 0 0 0 0 0 0 0 0 0 0 0 0 0 0 0 0 0 0 0 0 0 0 0 0 0 0 0 0 0 0 0 0 0 0 0 0 0 0 2162 2163 1139 1138 2048 3072 2048 2048 0 0 0 0 0 0 2048 2048 2048 2077 1085 2048 0 0 0 0 0 0 0 0 0 0 0 0 2162 2163 1139 1138 0 0 0 0 0 0 0 0 0 0 0 0 0 0 0 0 0 0 0 0 0 0 0 0 0 0 0 0 0 0 0 0 0 0 0 0 0 0 0 0 0 0 0 0 2048 2081 0 0 0 0 0 0 0 
0 0 0 0 0 0 0 0 0 0 0 0 0 0 0 0 0 0 0 0 0 0 0 0 0 0 0 0 0 0 0 0 0 0 0 0 0 0 0 2048 2048 2162 2163 1035 3072 2048 2048 0 0 0 0 0 0 2048 2048 2048 2048 2109 1053 0 0 0 0 0 0 0 0 0 0 0 0 0 0 2162 2163 3 3 1027 1027 1027 3 3 1027 1027 1027 3 3 1027 1035 248 3072 248 3072 248 3072 11 3 1027 1027 1027 3 3 1027 1027 1027 3 3 1027 1035 0 0 0 0 0 0 0 0 0 11 3075 3083 0 0 0 0 0 0 0 
0 0 0 0 0 0 0 0 0 0 0 0 0 0 0 0 0 0 0 0 0 0 0 0 0 0 0 0 0 0 0 0 0 0 0 0 0 0 0 2048 3072 1024 3072 2109 1053 2048 0 0 0 0 0 0 0 2048 2048 2048 2048 2077 1085 0 0 0 0 0 0 0 0 0 0 0 0 0 0 0 0 0 0 0 0 0 0 0 0 0 0 0 0 0 2081 0 0 0 0 0 3072 3105 0 0 0 0 0 0 0 0 0 0 0 11 3083 0 0 0 0 0 0 0 0 0 1057 0 0 0 0 0 0 0 0 0 
0 0 0 0 0 0 0 0 0 0 0 0 0 0 0 0 0 0 0 0 0 0 0 0 0 0 0 0 0 0 0 0 0 0 0 0 0 0 0 3072 1024 3072 3072 2077 1085 2048 0 0 0 0 0 0 0 2048 2048 2048 2048 2048 33 0 0 0 0 0 0 0 0 0 0 0 0 0 0 0 0 0 0 0 0 0 0 0 0 0 0 0 0 0 2059 2051 3075 2051 3075 3075 3075 3083 0 0 0 0 0 0 0 0 0 0 11 3083 0 0 0 0 0 0 0 0 0 0 1057 0 0 0 0 0 0 0 0 0 
0 0 0 0 0 0 0 0 0 0 0 0 0 0 0 0 0 0 0 0 0 0 0 0 0 0 0 0 0 0 0 0 0 0 0 0 0 0 0 0 0 0 0 0 2109 1053 2048 0 0 0 0 0 0 2048 2048 2048 2048 2048 33 0 0 0 0 0 0 0 0 0 0 0 0 0 0 0 0 0 0 0 0 0 0 0 0 0 0 0 0 0 0 0 0 0 0 0 0 0 0 0 0 0 0 0 0 0 0 11 3083 0 0 0 0 0 0 0 0 0 0 0 1057 0 0 0 0 0 0 0 0 0 
0 0 0 0 0 0 0 0 0 0 0 0 0 0 0 0 0 0 0 0 0 0 0 0 0 0 0 0 0 0 0 0 0 0 0 0 0 0 0 0 0 0 0 0 2077 1085 2048 0 0 0 0 0 0 2048 2048 2048 2048 2048 33 0 0 0 0 0 0 0 0 11 2051 3 3 3 3 3 3 1027 1027 1027 1027 3 3 3 3 3 1027 1027 1027 3 3 3 3 1027 1027 1027 1027 3075 1035 0 0 0 0 0 0 0 11 3083 0 0 0 0 0 0 0 0 0 0 114 115 36 0 0 0 0 0 0 0 0 0 
0 0 0 0 0 0 0 0 0 0 0 0 0 0 0 0 0 0 0 0 0 0 0 0 0 0 0 0 0 0 0 0 0 0 0 0 0 0 0 0 0 0 240 225 0 33 0 0 0 0 0 0 0 2048 2048 2048 2048 2048 33 0 0 240 225 224 0 0 0 2081 2048 0 0 0 0 0 0 0 0 0 0 0 0 0 0 0 0 0 0 0 0 0 0 0 0 0 0 0 33 0 0 0 0 0 0 11 3083 0 0 0 0 0 0 0 0 0 114 115 3187 3186 1057 0 0 0 0 0 0 0 0 0 
0 0 0 0 0 0 0 0 0 0 0 0 0 0 0 0 0 0 0 0 0 0 0 0 0 0 0 0 0 0 0 0 0 0 0 0 0 0 0 0 0 0 0 0 0 33 0 0 0 0 0 0 0 2048 2048 2048 2048 2048 33 0 0 0 0 0 0 0 0 2081 2048 0 0 0 0 0 0 0 0 0 0 0 0 0 0 0 0 0 0 0 0 0 0 0 0 0 0 0 33 0 0 0 0 0 11 3083 0 0 0 0 0 0 0 0 114 115 3187 3186 0 0 1057 0 0 0 0 0 0 0 0 0 
0 0 0 0 0 0 0 0 0 0 0 0 0 0 0 0 0 0 0 0 0 0 0 0 0 0 0 0 0 0 0 0 0 0 0 0 0 0 0 0 0 0 0 0 0 33 0 0 0 0 0 0 0 2048 2048 2048 2048 2048 33 0 0 0 0 0 0 0 0 2081 2048 0 0 0 0 0 0 0 0 0 0 0 0 0 0 0 0 0 0 0 0 0 0 0 0 0 0 0 2081 0 0 0 0 11 3083 0 0 0 0 0 0 0 0 0 126 3186 1024 1024 0 0 1057 0 0 0 0 0 0 0 0 0 
0 0 0 0 0 0 0 0 0 0 0 0 0 0 0 0 0 0 0 0 0 0 0 0 0 0 0 0 0 0 0 0 0 0 0 0 0 0 0 0 0 0 0 0 0 33 0 0 0 0 0 0 0 2048 2048 2048 2048 2048 33 0 0 0 0 0 0 0 0 2081 2048 0 0 0 0 0 0 0 0 0 0 0 0 0 0 0 0 0 0 0 0 0 0 0 0 0 0 0 2081 0 0 0 11 3083 0 0 0 0 0 0 0 0 0 0 0 0 1024 1024 0 0 1057 0 0 0 0 0 0 0 0 0 
0 0 0 0 0 0 0 0 0 0 0 0 0 0 0 0 0 0 0 0 0 0 0 0 0 0 0 0 0 0 0 0 0 0 0 0 0 0 0 0 0 0 0 0 0 33 0 0 0 0 0 0 0 2048 2048 2048 2048 2048 33 0 0 0 0 0 0 0 0 2081 2048 0 0 0 0 0 0 0 0 0 0 0 0 0 0 0 0 0 0 0 0 0 192 1216 0 0 0 0 33 0 0 11 3083 0 0 0 0 0 0 0 0 0 0 0 0 0 0 0 0 0 1057 0 0 0 0 0 0 0 0 0 
0 0 0 0 0 0 0 0 0 0 0 0 0 0 0 0 0 0 0 0 0 0 0 0 0 0 0 0 0 0 0 0 0 0 0 0 0 0 0 0 0 0 0 0 0 33 0 0 0 0 0 0 0 2048 2048 2048 2048 2048 33 0 0 0 0 0 0 0 0 2081 2048 0 0 0 192 1216 0 0 0 0 0 0 0 0 0 0 0 0 0 0 0 0 3272 2248 0 0 0 0 33 0 11 3083 0 0 0 0 0 0 0 0 0 0 0 0 0 0 0 0 0 0 1057 0 0 0 0 0 0 0 0 0 
0 0 0 0 0 0 0 0 0 0 0 0 0 0 0 0 0 0 0 0 0 0 0 0 0 0 0 0 0 0 0 0 0 0 0 0 0 0 0 0 0 0 0 0 0 33 0 0 0 0 0 0 0 2048 2048 2048 2048 2048 33 0 0 0 0 0 0 0 0 2081 2048 0 0 0 3272 2248 0 0 0 0 0 0 0 0 0 0 0 0 0 0 0 0 2240 3264 0 0 0 0 33 78 79 1027 1027 1027 1027 3075 1027 1027 3075 1035 0 0 0 0 0 0 0 0 0 0 1057 0 0 0 0 0 0 0 0 0 
0 0 0 0 0 0 0 0 0 0 0 0 0 0 0 0 0 0 0 0 0 0 0 0 0 0 0 0 0 0 0 0 0 0 0 0 0 0 0 0 0 0 0 0 0 33 0 0 0 0 0 0 0 2048 2048 2048 2048 2048 33 0 0 0 0 0 0 0 0 33 0 0 0 0 3272 2248 0 0 0 0 2126 3 3 3 3 3 3 1035 0 0 0 0 0 0 0 0 0 0 33 0 0 0 0 0 0 0 0 0 0 1057 0 0 0 0 192 1216 0 0 0 0 1057 0 0 0 0 0 0 0 0 0 
0 0 0 0 0 0 0 0 0 0 0 0 0 0 0 0 0 0 0 0 0 0 0 0 0 0 0 0 0 0 0 0 0 0 0 0 0 0 0 0 0 2048 2048 240 226 2081 2048 0 0 0 0 0 0 0 0 0 0 0 2081 2048 0 240 225 225 0 0 0 33 0 0 0 0 2240 3264 0 0 0 0 0 0 0 0 0 0 0 33 0 0 0 0 0 0 0 0 0 0 2081 0 0 0 0 0 0 0 0 0 0 1057 0 0 0 0 2240 3264 0 0 0 0 1057 0 0 0 0 0 0 0 0 0 
0 0 0 0 0 0 0 0 0 0 0 0 0 0 0 0 0 0 0 0 0 0 0 0 0 0 0 0 0 0 0 0 0 0 0 0 0 0 0 0 0 2048 2048 2048 2048 2081 2048 0 0 0 0 0 0 0 0 0 0 0 2081 2048 0 2048 0 0 0 0 0 33 0 0 0 0 0 0 0 0 0 0 0 0 0 0 0 0 0 33 0 0 0 0 0 0 0 0 0 0 2081 0 0 0 0 0 0 0 0 0 0 1057 0 0 0 0 0 0 0 0 0 0 1057 0 0 0 0 0 0 0 0 0 
0 0 0 0 0 0 0 0 0 0 0 0 0 0 0 0 0 0 0 0 0 0 0 0 0 0 0 0 0 0 0 0 0 0 0 0 0 0 0 0 0 2048 2048 2048 2048 2081 2048 0 0 0 0 0 0 0 0 0 0 0 2081 2048 0 2048 0 0 0 0 0 33 0 0 0 0 0 0 0 0 0 0 0 0 0 0 0 0 0 2081 0 0 0 0 0 0 0 0 0 11 3083 0 0 0 0 0 0 0 0 0 0 1057 0 0 0 0 0 0 0 0 0 0 1057 0 0 0 0 0 0 0 0 0 
0 0 0 0 0 0 0 0 0 0 0 0 0 0 0 0 0 0 0 0 0 0 0 0 0 0 0 0 0 0 0 0 0 0 0 0 0 0 0 0 0 2048 2048 2048 2048 2081 2048 0 0 0 0 0 0 0 0 0 0 0 2081 2048 0 2048 0 0 0 0 0 33 0 0 0 0 0 0 0 0 0 0 0 0 0 0 0 0 0 2081 0 0 0 0 0 0 0 0 11 3083 0 0 0 0 0 0 0 0 0 0 0 1057 0 0 0 0 0 0 0 0 0 0 1057 0 0 0 0 0 0 0 0 0 
0 0 0 0 0 0 0 0 0 0 0 0 0 0 0 0 0 0 0 0 0 0 0 0 0 0 0 0 0 0 0 0 0 0 0 0 0 0 0 0 0 0 2048 0 0 2081 2048 2048 2048 0 0 0 0 0 0 0 0 0 2081 2048 0 0 0 0 0 0 0 33 0 0 0 0 0 0 0 0 0 0 0 0 0 0 0 0 0 33 0 0 0 0 0 0 0 11 3083 0 0 0 0 0 0 11 3 3 3 3 3 2053 3 1102 0 0 0 0 0 0 0 0 1057 0 0 0 0 0 0 0 0 0 
0 0 0 0 0 0 0 0 0 0 0 0 0 0 0 0 0 0 0 0 0 0 0 0 0 0 0 0 0 0 0 0 0 0 0 0 0 0 0 0 0 0 2048 0 0 2081 2048 2048 2048 0 0 0 0 0 0 0 0 0 2081 2048 0 0 0 0 0 0 0 33 0 0 0 0 0 0 0 0 0 0 0 0 0 0 0 0 0 33 0 0 0 0 0 0 11 3083 0 0 0 0 0 0 0 1057 0 0 0 0 240 225 232 0 240 225 232 0 0 0 0 0 1057 0 0 0 0 0 0 0 0 0 
0 0 0 0 0 0 0 0 0 0 0 0 0 0 0 0 0 0 0 0 0 0 0 0 0 0 0 0 0 0 0 0 0 0 0 0 0 0 0 0 0 0 2048 2048 0 2081 2048 2048 2048 0 0 0 0 0 0 0 0 0 2081 2048 0 0 0 0 0 0 0 2059 3 3 3 3 3 3 3 3 3 3 3151 3150 0 0 0 0 0 33 0 0 0 0 0 11 3083 0 0 0 0 0 0 0 0 1057 0 0 0 0 0 0 0 0 0 0 0 0 0 0 0 0 1057 0 0 0 0 0 0 0 0 0 
0 0 0 0 0 0 0 0 0 0 0 0 0 0 0 0 0 0 0 0 0 0 0 0 0 0 0 0 0 0 0 0 0 0 0 0 0 0 0 0 0 0 0 0 2048 2081 2048 2048 2048 0 0 0 0 0 0 0 0 0 2081 2048 0 2048 0 0 0 0 0 0 0 0 0 0 0 0 0 0 0 11 3083 1024 2048 0 0 0 0 33 0 0 0 0 0 2059 1035 2048 2048 2048 2048 2048 0 0 0 1057 0 0 0 0 0 0 0 0 0 0 0 0 0 0 0 0 1057 0 0 0 0 0 0 0 0 0 
0 0 0 0 0 0 0 0 0 0 0 0 0 0 0 0 0 0 0 0 0 0 0 0 0 0 0 0 0 0 0 0 0 0 0 0 0 0 0 0 0 0 240 227 29 3133 0 2048 2048 0 0 0 0 0 0 0 0 0 2081 2048 0 240 225 226 0 0 0 0 0 0 0 0 0 0 0 0 11 3083 0 0 0 0 0 0 0 2081 0 0 0 0 0 2048 2059 1035 2048 2048 2048 2048 0 0 0 1057 0 0 0 0 0 0 0 0 0 0 0 0 0 0 0 0 1057 0 0 0 0 0 0 0 0 0 
0 0 0 0 0 0 0 0 0 0 0 0 0 0 0 0 0 0 0 0 0 0 0 0 0 0 0 0 0 0 0 0 0 0 0 0 0 0 0 0 0 0 2048 2048 61 3101 0 2048 2048 0 0 0 0 0 0 0 0 0 2081 2048 2048 0 0 0 0 0 0 0 0 0 0 0 0 0 0 11 3083 0 0 2048 0 0 0 0 0 2081 0 0 0 0 0 2048 2048 2059 1035 2048 2048 2048 0 0 0 2059 3 3 3 3 3 5 3 3150 0 0 0 0 0 0 0 0 1057 0 0 0 0 0 0 0 0 0 
0 0 0 0 0 0 0 0 0 0 0 0 0 0 0 0 0 0 0 0 0 0 0 0 0 0 0 0 0 0 0 0 0 0 0 0 0 0 0 3072 3072 1024 1024 29 3133 0 2048 2048 2048 0 0 0 0 0 0 0 0 0 2081 2048 2048 0 0 0 0 0 0 0 0 0 0 0 0 0 11 3083 0 0 0 0 0 0 0 0 0 2081 0 0 0 0 0 2048 2048 2048 2059 1035 2048 2048 0 0 2048 0 0 0 0 2048 0 2081 0 0 0 0 0 0 0 0 0 0 1057 0 0 0 0 0 0 0 0 0 
0 0 0 0 0 0 0 0 0 0 0 0 0 0 0 0 0 0 0 0 0 0 0 0 0 0 0 0 0 0 0 0 0 0 0 0 0 0 0 0 0 3072 1024 61 3101 0 2048 2048 2048 0 0 0 0 0 0 0 0 29 3133 2048 2048 2048 0 0 0 0 0 0 0 0 0 0 0 11 3083 2048 2048 0 0 0 0 0 0 0 0 2081 0 0 0 0 0 2048 2048 2048 2048 2059 1035 2048 0 2048 0 0 0 0 0 0 0 1057 0 0 0 0 0 0 0 0 0 0 1057 0 0 0 0 0 0 0 0 0 
0 0 0 0 0 0 0 0 0 0 0 0 0 0 0 0 0 0 0 0 0 0 0 0 0 0 0 0 0 0 0 0 0 0 0 0 0 0 0 1024 3072 3072 11 3083 1024 0 0 2048 0 0 0 0 0 0 0 0 0 61 3101 2048 2048 2048 0 0 2048 2048 11 1035 2048 2048 0 0 11 3083 0 0 0 0 0 0 0 0 0 0 0 2081 0 0 0 0 0 2048 2048 2048 2048 2048 33 2048 0 2048 0 0 0 0 0 0 0 1057 0 0 0 0 0 0 0 0 0 0 2059 1027 1035 0 0 0 0 0 0 0 
0 0 0 0 0 0 0 0 0 0 0 0 0 0 0 0 0 0 0 0 0 0 0 0 0 0 0 0 0 0 240 225 227 0 0 0 0 0 0 0 114 115 3083 0 1024 0 0 0 0 0 0 0 0 0 0 0 29 3133 0 2048 2048 2048 0 0 0 11 3083 2059 1035 2048 0 11 3083 0 0 2048 0 0 0 0 0 0 0 0 0 2081 0 0 0 0 0 0 0 0 2048 2048 33 2048 0 2048 0 0 0 0 0 0 0 1057 0 0 0 0 192 1216 0 0 0 0 3321 2048 2081 0 0 0 0 0 0 0 
0 0 0 0 0 0 0 0 0 0 0 0 0 0 0 0 0 0 0 0 0 0 0 0 0 0 0 0 0 0 0 0 0 0 0 0 0 0 114 115 3187 3186 3072 1024 1024 0 0 0 0 0 0 0 0 0 0 0 61 3101 0 2048 2048 2048 0 0 11 3083 240 229 2059 1035 11 3083 0 0 0 0 0 0 0 0 0 0 0 0 0 2081 0 0 0 0 0 2048 2048 2048 2048 2048 2081 2048 0 2048 0 0 0 0 0 0 0 1057 0 0 0 0 3272 2248 0 1024 0 0 3072 2048 2081 0 0 0 0 0 0 0 
0 0 0 0 0 0 0 0 0 0 0 0 0 0 0 0 0 11 3 3 3 3 3 3 3 3 3 3 3 3 3 3 3 3 3 3 3 3 3187 3186 1024 1024 1024 0 0 0 0 0 0 0 0 0 0 0 0 11 3083 0 0 2048 2048 2048 0 11 3083 0 0 0 2048 2059 3083 2048 2048 0 0 0 0 0 0 0 0 0 0 0 0 2081 0 0 0 0 192 1216 2048 2048 2048 2048 2081 2048 0 2048 0 0 0 0 0 0 0 1057 0 0 0 0 3272 2248 0 1024 0 0 3321 2048 2081 0 0 0 0 0 0 0 
0 0 0 0 0 0 0 0 0 0 0 0 0 0 0 0 0 3105 0 0 0 0 0 0 0 0 0 0 0 0 0 0 0 0 0 0 0 0 2048 2048 2048 2048 2048 1024 0 0 0 0 0 0 0 0 0 0 11 3083 0 0 0 2048 2048 2048 0 2059 1035 0 0 0 0 2048 0 0 0 0 0 0 0 0 0 0 0 0 0 0 0 2081 0 0 0 0 3272 2248 2048 2048 2048 2048 2081 2048 0 2048 0 0 0 0 0 2048 0 2081 0 0 0 0 2240 3264 0 0 1024 0 0 2048 2081 0 0 0 0 0 0 0 
0 0 0 0 0 0 0 0 0 0 0 0 0 0 0 0 0 2081 0 0 0 0 0 0 0 0 0 0 0 0 0 0 0 0 0 0 0 0 2048 0 0 0 0 0 0 0 0 0 0 0 0 0 0 11 3083 0 0 0 0 2048 2048 2048 0 0 2059 1035 0 2048 2048 0 0 0 0 0 0 0 0 0 0 0 0 0 0 0 11 36 0 0 0 0 3272 2248 0 0 0 0 33 0 2048 2048 0 0 0 0 0 0 0 1057 0 0 0 0 0 0 0 0 1024 1024 3321 2048 2081 1024 1024 1024 1024 1024 0 0 
0 0 0 0 0 0 0 0 0 0 0 0 0 0 0 0 0 2081 0 0 0 0 0 0 0 0 0 0 0 0 0 0 0 0 0 0 0 0 2048 0 0 0 0 0 0 0 0 0 0 0 0 0 11 3083 0 0 0 2048 2048 2048 2048 2048 0 0 0 2059 1035 2048 0 0 0 0 0 0 0 0 0 0 0 0 0 0 0 11 3083 2081 0 0 0 0 2240 3264 0 0 0 0 33 0 2048 2048 0 0 0 0 0 0 0 1057 0 0 0 0 0 0 0 1024 1024 1024 0 2048 2081 1024 1024 1024 1024 1024 0 0 
0 0 0 0 0 0 0 0 0 0 0 0 0 0 0 0 0 2081 0 0 0 0 0 0 0 0 0 0 0 0 0 0 0 0 0 0 0 0 0 0 0 0 0 0 0 3072 1024 0 0 0 0 11 3083 2048 0 0 2048 2048 2048 2048 2048 2048 0 0 0 11 3083 0 0 0 0 0 0 0 0 0 0 0 0 0 0 0 11 3083 0 33 0 0 0 0 0 0 0 0 0 0 33 0 2048 2048 0 0 0 0 0 0 0 1057 0 0 0 0 0 0 0 1024 1024 1024 11 3075 3083 1024 1024 1024 1024 1024 0 0 
0 0 0 0 0 0 0 0 0 0 0 0 0 0 0 0 0 2081 0 0 0 0 0 0 0 0 0 0 0 0 0 0 0 0 0 0 0 0 0 0 0 0 0 0 0 1024 0 0 0 0 11 3083 0 0 0 0 2048 2048 11 1035 2048 2048 0 0 11 3083 0 0 0 0 0 0 0 0 0 0 0 0 0 0 0 11 3083 0 0 33 0 0 0 0 0 0 0 0 0 0 2081 0 2048 2048 0 0 0 0 0 0 0 1057 0 0 0 0 0 0 0 1024 1024 1024 33 1024 1024 1024 1024 1024 1024 1024 0 0 
0 0 0 0 0 0 0 0 0 0 0 0 0 0 0 0 0 2081 0 0 0 0 0 0 0 0 0 0 0 0 0 0 0 0 0 0 0 0 0 2048 2048 2048 2048 2048 2048 2048 2048 2048 114 115 3083 0 0 0 0 0 0 11 3083 2059 1035 2048 0 11 3083 2048 2048 2048 0 0 0 0 0 0 0 1024 1024 1024 1024 0 11 3083 0 0 0 33 0 0 0 0 0 0 0 0 0 0 2081 0 2048 2048 0 0 0 0 0 0 0 1057 0 0 0 0 0 0 0 1024 1024 1024 33 1024 1024 1024 1024 1024 1024 0 0 0 
0 0 0 0 0 0 0 0 0 0 0 0 0 0 0 0 0 2081 0 2048 0 0 0 0 0 0 0 0 0 0 0 0 0 0 0 0 0 0 0 2048 2048 2048 2048 2048 2048 2048 114 115 3187 3186 2048 2048 2048 0 0 0 11 3083 1270 227 2059 1035 11 3083 0 0 0 0 0 0 0 0 0 0 0 0 0 0 0 11 3083 0 0 0 0 33 0 0 0 0 0 0 0 0 0 11 3083 0 2048 2048 0 0 0 0 0 0 0 1057 0 0 0 0 0 0 0 1024 78 1027 3077 1027 1027 1027 1027 1027 1035 0 0 0 
0 0 0 0 0 0 0 0 0 0 0 0 0 0 0 0 0 2081 0 2048 0 0 0 0 0 0 0 0 0 0 0 0 0 0 0 0 0 0 0 2048 2048 2048 2048 2048 114 115 3187 3186 0 0 0 2048 2048 0 0 11 3083 0 0 2048 2048 2059 3083 0 0 0 0 0 0 0 0 0 0 0 0 0 0 0 11 3083 0 0 0 0 0 2081 0 0 0 0 0 0 0 0 11 3083 0 0 2048 2048 0 0 0 0 0 0 0 1057 0 0 0 0 240 225 231 0 240 225 231 0 1024 1024 1024 1024 33 0 0 0 
0 0 0 0 0 0 0 0 0 0 0 0 0 0 0 0 0 2081 0 2048 0 0 0 0 0 2048 2048 2048 2048 2048 2048 0 0 0 0 0 0 0 2048 2048 2048 2048 114 115 3187 3186 0 0 0 0 0 0 0 0 0 2059 1035 0 0 0 0 0 0 0 0 0 0 0 0 0 0 0 0 0 0 0 0 0 2059 1035 0 0 0 0 0 2081 0 0 0 0 0 0 0 11 3083 0 0 0 2048 2048 0 0 0 0 0 0 0 1057 0 0 0 0 0 0 0 0 0 0 0 0 1024 1024 1024 1024 33 0 0 0 
0 0 0 0 0 0 0 0 0 0 0 0 0 0 0 0 0 2081 0 0 0 0 0 0 0 0 0 0 0 0 0 2048 2048 2048 0 0 0 0 2048 2048 2048 2048 72 3186 0 0 0 0 0 0 0 0 0 0 0 0 2059 1035 0 2048 2048 2048 0 0 0 0 0 0 0 0 0 0 0 0 0 0 0 1270 231 2059 1035 0 0 0 0 2081 0 0 0 0 0 0 11 3083 0 0 0 0 2048 2048 0 0 0 0 0 0 0 1057 0 0 0 0 0 1024 1024 1024 1024 1024 1024 1024 1024 1024 1024 1024 33 0 0 0 
0 0 0 0 0 0 0 0 0 0 0 0 0 0 0 0 0 2081 0 0 0 0 0 0 0 0 0 0 11 3 3 1035 0 0 0 0 0 0 2048 2048 2048 2048 3105 0 2048 2048 2048 2048 2048 2048 2048 2048 2048 2048 0 0 0 2059 1035 2048 2048 2048 0 0 0 0 0 0 0 0 0 0 0 0 0 0 0 2048 0 0 2059 1035 0 0 0 2081 0 0 0 0 0 11 3083 0 0 0 0 0 2048 2048 0 0 0 0 0 0 0 1057 0 0 0 0 0 1024 1024 1024 1024 1024 1024 1024 1024 1024 1024 1024 33 0 0 0 
0 0 0 0 0 0 0 0 0 0 0 0 0 0 0 0 0 2081 0 0 0 0 0 0 0 0 0 2048 2081 0 0 2081 2048 0 0 0 0 0 0 1024 1024 1024 3105 0 0 0 0 0 0 0 0 0 0 0 0 0 0 11 3083 0 0 0 0 0 0 0 0 0 0 1024 0 0 0 0 11 1035 0 0 0 0 11 3083 0 0 0 2081 0 0 0 0 0 2059 1035 2048 2048 2048 2048 2048 2048 2048 0 0 0 0 0 0 0 1057 0 0 0 0 0 0 0 1024 2126 1027 1029 1027 1027 1027 1027 1027 3083 0 0 0 
0 0 0 0 0 0 0 0 0 0 0 0 0 0 0 0 0 2081 0 0 0 0 0 0 0 0 0 2048 2081 0 240 2081 2048 0 0 0 0 0 0 1024 1024 1024 3105 0 240 225 228 0 0 0 0 0 0 0 0 0 11 3083 0 0 0 0 0 0 0 0 0 0 0 0 0 0 0 11 3083 2059 1035 0 0 11 3083 0 0 0 0 2081 0 0 0 0 0 2048 2059 1035 2048 2048 2048 2048 2048 2048 0 0 0 0 0 2048 0 2081 0 0 0 0 0 0 0 0 0 0 1057 0 0 0 0 0 0 0 0 0 
0 0 0 0 0 0 0 0 0 0 0 0 0 0 0 0 0 2081 0 0 0 0 0 0 0 0 0 2048 2059 3 3 3083 2048 0 0 0 0 0 0 1024 1024 1024 3105 0 0 0 0 0 0 0 0 0 0 0 0 11 3083 2048 2048 2048 0 0 0 0 0 0 0 0 0 0 0 0 11 3083 0 0 2059 1035 11 3083 0 0 0 0 0 2081 0 0 0 0 0 2048 2048 2059 1035 2048 2048 2048 2048 2048 0 0 0 0 0 0 0 1057 0 0 0 0 0 0 0 0 0 0 1057 0 0 0 0 0 0 0 0 0 
0 0 0 0 0 0 0 0 0 0 0 0 0 0 0 0 0 2081 0 0 0 0 0 0 0 0 0 0 0 0 0 0 0 0 0 0 0 0 0 1024 1024 1024 3105 0 0 0 0 0 0 0 0 0 0 0 11 3083 0 0 2048 0 0 0 0 0 0 0 0 0 0 0 0 11 3083 0 0 0 0 2059 3083 0 0 0 0 0 0 2081 0 0 0 0 0 2048 2048 2048 2059 1035 2048 2048 2048 2048 0 0 0 0 0 0 0 1057 0 0 0 0 0 0 0 0 0 0 2059 1027 1035 0 0 0 0 0 0 0 
0 0 0 0 0 0 0 0 0 0 0 0 0 0 0 0 0 2081 0 0 0 0 0 0 0 0 0 0 0 0 0 0 0 0 0 0 0 0 0 1024 1024 1024 3105 0 0 0 0 0 0 0 0 0 0 11 3083 0 0 0 0 0 0 0 0 0 0 0 0 0 0 0 11 3083 0 0 0 0 0 0 0 0 0 0 0 0 0 2081 0 0 0 0 0 2048 2048 2048 2048 2059 1035 2048 2048 2048 0 0 0 0 0 0 0 1057 0 0 0 0 0 0 0 0 0 0 3321 2048 2081 0 0 0 0 0 0 0 
0 0 0 0 0 0 0 0 0 0 0 0 0 0 0 0 0 2081 0 0 0 0 0 0 0 0 0 0 0 0 0 0 0 0 0 0 0 0 0 1024 1024 1024 3105 0 0 0 0 0 0 0 0 0 11 3083 0 0 0 0 0 0 0 0 0 0 0 0 0 0 0 0 2059 1035 0 0 0 0 0 0 0 0 0 0 0 0 11 3083 0 0 0 0 0 0 0 0 0 2048 2059 1035 2048 2048 0 0 0 0 0 0 0 1057 0 0 0 0 192 1216 0 0 0 0 3072 2048 2081 0 0 0 0 0 0 0 
0 0 0 0 0 0 0 0 0 0 0 0 0 0 0 0 0 2081 0 0 0 0 0 0 0 0 0 0 0 0 0 0 0 0 0 0 0 0 0 1024 1024 1024 3105 0 0 0 0 0 0 0 0 11 3083 2048 2048 0 0 0 0 0 0 0 0 0 0 0 0 0 0 240 228 2059 1035 0 0 0 0 0 0 0 0 0 0 11 3083 0 2048 2048 0 0 0 0 0 0 0 2048 2048 2059 1035 2048 0 0 0 0 0 0 0 1057 0 0 0 0 3272 2248 0 0 0 0 3321 2048 2081 0 0 0 0 0 0 0 
0 0 0 0 0 0 0 0 0 0 0 0 0 0 0 0 0 2081 0 0 0 0 0 0 0 0 0 0 0 0 0 0 0 0 0 0 0 0 0 1024 1024 1024 3105 0 0 0 0 0 0 0 11 3083 0 0 0 0 0 0 0 0 0 0 0 0 0 0 0 0 0 0 0 0 2059 1035 0 0 11 1035 0 0 0 0 11 3083 0 0 2048 0 0 0 0 0 0 0 0 2048 2048 2048 2059 1035 0 0 0 0 0 0 0 1057 0 0 0 0 3272 2248 0 0 0 0 0 2048 2081 0 0 0 0 0 0 0 
0 0 0 0 0 0 0 0 0 0 0 0 0 0 0 0 0 2081 0 0 0 0 0 0 0 0 0 0 0 0 0 0 0 0 0 0 0 0 0 1024 3072 1024 3105 0 0 0 0 0 0 11 3083 0 0 2048 0 0 0 0 0 0 0 0 0 0 0 0 11 1035 0 0 0 0 11 3083 0 11 3083 2059 1035 0 0 11 3083 0 0 0 0 0 0 192 1216 0 0 0 0 0 0 0 11 3083 0 0 0 0 0 0 0 1057 0 0 0 0 2240 3264 0 0 0 0 3321 2048 2081 0 0 0 0 0 0 0 
0 0 0 0 0 0 0 0 0 0 0 0 0 0 2048 2048 11 3083 0 0 0 0 0 0 0 0 0 0 0 0 0 0 0 0 0 0 0 0 0 1024 3072 1024 3105 0 0 0 0 0 11 3083 2048 2048 0 0 0 0 0 0 0 0 0 0 0 0 0 11 3083 2059 1035 0 0 11 3083 0 11 3083 240 231 2059 1035 11 3083 0 0 0 0 0 0 0 2240 3264 0 0 0 0 0 0 11 3083 0 0 0 0 0 0 0 0 1057 0 0 0 0 0 0 0 0 0 0 0 2048 2081 0 0 0 0 0 0 0 
0 0 0 0 0 0 0 0 0 0 0 0 0 0 3072 11 3083 2048 0 0 0 0 0 0 0 0 0 0 0 0 0 0 0 0 0 0 0 0 0 1024 3072 1024 3105 0 0 0 0 11 3083 0 0 0 0 0 0 0 0 0 0 1024 0 0 0 0 11 3083 0 0 2059 1035 11 3083 0 11 3083 0 0 0 0 2059 3083 0 0 0 0 0 0 0 0 0 0 0 0 0 0 0 11 3083 0 0 0 0 0 0 0 0 0 1057 0 0 0 0 0 0 0 0 0 0 11 3075 3083 0 0 0 0 0 0 0 
0 0 0 0 0 0 0 0 0 0 0 0 0 0 11 3083 2048 3072 0 0 0 0 0 0 0 0 0 0 0 0 0 0 0 0 0 0 0 0 0 1024 1024 1024 3105 0 0 0 11 3083 0 0 0 0 0 0 0 0 0 0 0 0 0 0 0 11 3083 0 0 0 0 2059 3083 0 0 2059 1035 0 0 0 0 0 0 0 0 0 0 0 0 0 0 0 0 0 0 0 0 11 3083 0 0 0 0 0 0 0 0 0 0 1057 0 0 0 0 0 0 0 0 0 0 1057 0 0 0 0 0 0 0 0 0 
0 0 0 0 0 0 0 0 2048 0 0 2048 2048 11 3083 0 0 0 0 0 0 0 0 0 0 0 0 0 0 0 0 0 0 0 0 0 0 0 0 1024 1024 1024 3105 0 0 11 3083 0 0 0 0 0 0 0 0 0 0 1024 0 0 0 0 11 3083 0 0 0 0 0 0 0 0 0 0 2059 1035 0 0 0 0 0 0 0 0 0 0 0 0 0 0 0 0 0 0 11 3083 0 0 0 0 0 0 0 0 0 0 0 1057 0 0 0 0 0 0 0 0 0 0 1057 0 0 0 0 0 0 0 0 0 
0 0 0 0 0 0 0 0 3072 0 0 3072 11 3083 2048 0 0 0 0 0 0 0 0 0 0 11 3 3 3 3 3 3 3 3 3 3 5 3 3 3 1027 5 3083 0 11 3083 2048 2048 0 0 0 0 0 0 0 0 0 0 0 0 0 11 3083 0 0 0 0 0 11 3 3 3 3 3 3 1103 1102 0 0 0 0 0 0 0 0 0 0 0 0 0 0 3072 3072 78 79 3075 3075 1035 0 0 0 11 3 3 3 3 3 2053 3 1102 0 0 0 0 0 0 0 0 1057 0 0 0 0 0 0 0 0 0 
0 0 0 0 0 0 0 0 0 0 0 11 3083 2048 3072 0 0 0 0 0 0 0 2048 2048 11 3083 0 0 0 0 0 0 0 0 0 0 3105 2296 0 2296 0 2081 0 11 3083 0 0 0 0 0 0 0 0 0 0 1024 0 0 0 0 11 3083 2048 2048 0 0 0 0 33 1270 226 0 0 0 0 0 0 0 0 2048 0 0 0 0 0 0 0 0 0 3072 3072 3072 3072 240 230 0 3072 3105 0 0 0 1057 0 0 0 0 240 225 230 0 240 225 230 0 0 0 0 0 1057 0 0 0 0 0 0 0 0 0 
0 0 0 0 0 0 0 0 0 0 11 3083 0 0 0 0 0 0 0 0 0 0 3072 78 79 3 3 3 3 3 3 3 3 3 3 3 3083 0 0 0 0 2059 1027 3083 0 0 0 0 0 0 0 0 0 0 0 0 0 0 0 11 3083 0 0 0 0 0 0 0 33 0 0 0 0 0 0 2048 0 0 0 0 0 0 0 0 0 0 0 0 0 3072 1024 3072 3072 0 0 0 0 3105 0 0 0 1057 0 0 0 0 0 0 0 0 0 0 0 0 0 0 0 0 1057 0 0 0 0 0 0 0 0 0 
0 0 0 0 0 0 0 0 0 0 33 235 235 235 235 235 235 235 235 235 235 235 235 0 0 0 0 0 0 0 0 0 0 0 0 0 0 0 0 0 0 1024 0 0 0 0 0 0 0 0 0 0 0 0 0 0 0 0 11 3083 0 0 0 0 0 0 0 0 33 0 0 0 0 0 0 2048 0 0 0 0 0 0 0 0 0 1024 0 0 0 3072 1024 3072 3072 0 0 0 0 3105 0 0 0 1057 0 0 0 0 0 0 0 0 0 0 0 0 0 0 0 0 1057 0 0 0 0 0 0 0 0 0 
0 0 0 0 0 0 0 0 0 0 33 235 235 235 235 235 235 235 235 235 235 235 235 0 0 0 0 0 0 0 0 0 0 0 0 0 0 0 0 0 0 0 0 0 0 0 0 0 0 0 0 0 0 0 0 0 0 11 3083 2048 2048 0 0 0 0 0 0 0 33 0 0 0 0 0 0 0 0 0 0 0 0 0 0 0 0 0 0 0 0 0 3072 3072 3072 0 0 0 0 3105 0 0 0 1057 0 0 0 0 0 0 0 0 0 0 0 0 0 0 0 0 1057 0 0 0 0 0 0 0 0 0 
0 0 0 0 0 0 0 0 0 0 33 235 235 235 235 235 235 235 235 235 235 235 235 0 0 0 0 0 0 0 0 0 0 0 0 0 0 0 0 0 0 0 0 0 0 0 0 0 0 0 0 1024 0 0 0 0 11 3083 0 0 2048 0 0 0 0 0 0 0 2059 3 3 3151 3150 0 0 0 0 0 0 0 0 0 0 0 0 0 0 0 11 3075 3075 3075 3075 3075 3075 3075 3075 3083 0 0 0 2059 3 3 3 3 3 5 3 3150 0 0 0 0 0 0 0 0 1057 0 0 0 0 0 0 0 0 0 
0 0 0 0 0 0 0 0 0 0 33 235 235 235 235 235 235 235 235 235 235 235 235 0 0 0 0 0 0 0 0 0 0 0 0 0 0 0 0 0 0 0 0 0 0 0 0 0 0 0 0 0 0 0 0 11 3083 0 0 0 0 0 0 0 0 0 0 0 0 0 11 3083 2048 0 0 0 0 0 0 0 0 0 0 0 0 0 0 0 2059 1035 0 0 0 0 0 0 0 0 0 0 0 0 0 0 0 0 0 1057 0 0 0 0 0 0 0 0 0 0 1057 0 0 0 0 0 0 0 0 0 
0 0 0 0 0 0 0 0 0 0 33 235 235 235 235 235 235 235 235 235 235 235 235 0 0 0 0 0 0 0 0 0 0 0 0 0 0 0 0 0 0 0 0 0 0 0 0 0 0 0 0 0 0 0 11 3083 2048 2048 0 0 0 0 0 0 0 0 0 0 0 11 3083 0 0 0 0 0 0 0 0 0 0 0 0 0 0 0 0 1270 231 2059 1035 0 0 0 0 0 0 0 11 3075 3075 3075 3075 1035 0 0 0 1057 0 0 0 0 0 0 0 0 0 0 1057 0 0 0 0 0 0 0 0 0 
0 0 0 0 0 0 0 0 0 0 33 235 235 235 235 235 238 235 235 235 235 235 235 0 0 0 0 0 0 0 0 0 0 0 0 0 0 0 0 0 0 0 0 0 0 0 0 0 0 0 0 0 0 11 3083 0 0 0 0 0 0 0 0 0 0 0 0 0 11 3083 0 0 0 0 0 0 0 0 0 0 0 0 0 0 0 0 0 0 0 0 2059 1035 0 0 0 0 0 0 33 0 0 1024 1024 1057 1024 0 0 1057 0 0 0 0 0 0 0 0 0 0 2059 1027 1035 0 0 0 0 0 0 0 
0 0 0 0 0 0 0 0 0 0 33 235 235 235 235 235 235 235 235 235 235 235 235 0 0 0 0 0 0 0 0 0 0 0 0 0 0 0 0 0 0 0 0 0 0 0 0 0 0 0 0 0 11 3083 0 0 0 0 0 0 0 0 0 0 0 0 0 11 3083 0 0 0 0 0 0 0 0 0 0 1024 0 0 0 0 11 1035 0 0 0 0 11 3083 0 0 0 0 0 0 33 0 0 1024 1024 1057 1024 0 0 1057 0 0 0 0 192 1216 0 0 0 0 3321 2048 2081 0 0 0 0 0 0 0 
0 0 0 0 0 0 0 0 0 0 33 235 235 235 235 235 235 235 235 235 235 235 235 0 0 0 0 0 0 0 0 0 0 0 0 0 0 0 0 0 0 0 0 0 0 0 0 0 0 0 0 11 3083 2048 2048 0 0 0 0 0 0 0 0 0 0 0 11 3083 0 0 2048 0 0 0 0 0 0 0 0 0 0 0 0 11 3083 2059 1035 0 0 11 3083 0 0 0 0 0 0 0 33 0 0 1024 1024 1057 1024 0 0 1057 0 0 0 0 3272 2248 0 0 0 0 3072 2048 2081 0 0 0 0 0 0 0 
0 0 0 0 0 0 0 0 0 0 33 235 235 235 235 235 235 235 235 235 235 235 235 0 0 0 0 0 0 0 0 0 0 0 0 0 0 0 0 0 0 0 0 0 0 0 0 0 0 0 11 3083 0 0 0 0 0 0 0 0 0 0 0 0 0 0 33 0 0 0 0 0 0 0 0 0 0 1024 0 0 0 0 11 3083 0 0 2059 1035 11 3083 0 0 0 0 0 0 0 0 33 0 0 1024 1024 1057 1024 0 0 1057 0 0 0 0 3272 2248 0 0 0 0 3321 2048 2081 0 0 0 0 0 0 0 
0 0 0 0 0 0 0 0 0 0 33 235 235 235 235 235 235 235 235 235 235 235 235 0 0 0 0 0 0 0 0 0 0 0 0 0 0 0 0 0 0 0 0 0 0 0 0 0 0 11 3083 0 0 0 0 0 0 0 0 0 0 0 0 0 0 0 33 0 0 0 0 0 0 0 0 0 0 0 0 0 0 11 3083 0 0 0 0 2059 3083 0 0 0 0 0 0 0 0 0 33 240 225 229 1024 1057 1024 0 0 1057 0 0 0 0 2240 3264 0 0 0 0 0 2048 2081 0 0 0 0 0 0 0 
0 0 0 0 0 0 0 0 0 0 33 235 235 235 235 235 235 235 235 235 235 235 235 0 0 0 0 0 0 0 0 0 0 0 0 0 0 0 0 0 0 0 0 0 0 0 0 0 11 3083 0 0 0 0 0 0 0 0 0 0 0 0 0 0 0 0 33 0 0 0 0 0 0 0 0 0 0 0 0 2048 11 3083 0 0 0 0 0 0 0 0 0 0 0 0 0 0 0 0 33 0 0 1024 1024 1057 1024 0 0 1057 0 0 0 1024 1024 0 0 0 0 0 3321 2048 2081 0 0 0 0 0 0 0 
0 0 0 0 0 0 0 0 0 0 33 235 235 235 235 235 235 235 235 235 235 235 235 0 0 0 0 0 0 0 0 0 0 0 0 0 0 0 0 0 0 0 0 0 0 0 0 11 3083 2048 2048 0 0 0 0 0 0 0 0 0 0 0 0 0 0 0 33 0 0 0 0 0 0 0 0 0 0 0 0 78 79 3 3 3 3 3 3 3 3 3 3 3 3 3 3 3 3 3 36 0 0 1024 1024 1060 1027 1027 1027 3083 0 0 0 1024 1024 0 0 0 0 0 0 2048 2081 0 0 0 0 0 0 0 
0 0 0 0 0 0 0 0 0 0 2059 2051 2051 2051 2051 2051 2051 2051 2051 2051 2051 2051 2051 3 3 3 3 3 3 3 3 3 3 3 3 3 3 3 3 1027 3 3 3 3 3 1027 1027 3083 0 0 2048 0 0 0 0 0 0 0 0 0 0 0 0 0 0 0 33 236 236 236 236 236 236 236 236 236 236 236 236 0 0 0 0 0 0 0 0 0 0 0 0 0 0 0 0 0 0 0 2064 0 0 1024 1024 3088 1024 1024 1024 1024 0 0 0 0 0 0 0 0 0 0 11 3075 3083 0 0 0 0 0 0 0 
0 0 0 0 0 0 0 0 0 0 0 0 0 0 0 0 0 0 0 0 0 0 0 0 0 0 0 0 0 0 0 0 0 0 0 0 0 0 0 0 0 0 0 0 0 0 0 0 0 0 0 0 0 0 0 0 0 0 0 0 0 0 0 0 0 0 33 236 236 236 236 236 236 236 236 236 236 236 236 0 0 0 0 0 0 0 0 0 0 0 0 0 0 0 0 0 0 0 0 240 225 229 1024 0 0 0 0 0 0 0 0 0 0 0 0 0 0 0 1057 0 0 0 0 0 0 0 0 0 
0 0 0 0 0 0 0 0 0 0 0 0 0 0 0 0 0 0 0 0 0 0 0 0 0 0 0 0 0 0 0 0 0 0 0 0 0 0 0 0 0 0 0 0 0 0 0 0 0 0 0 0 0 0 0 0 0 0 0 0 0 0 0 0 0 0 33 236 236 236 236 236 236 236 236 236 236 236 236 0 0 0 0 0 0 0 0 0 0 0 0 0 0 0 0 0 0 0 0 0 0 1024 1024 0 0 0 0 0 0 0 0 0 0 0 0 0 0 0 1057 0 0 0 0 0 0 0 0 0 
0 0 0 0 0 0 0 0 0 0 0 0 0 0 0 0 0 0 0 0 0 0 0 0 0 0 0 0 0 0 0 0 0 0 0 0 0 0 0 0 0 0 0 0 0 0 0 0 0 0 0 0 0 0 0 0 0 0 0 0 0 0 0 0 0 0 33 236 236 236 236 236 236 236 236 236 236 236 236 0 0 0 0 0 0 0 0 0 0 0 0 0 0 0 0 0 0 0 0 0 0 1024 1024 0 0 0 0 0 0 0 0 0 0 0 0 0 0 0 1057 0 0 0 0 0 0 0 0 0 
0 0 0 0 0 0 0 0 0 0 0 0 0 0 0 0 0 0 0 0 0 0 0 0 0 0 0 0 0 0 0 0 0 0 0 0 0 0 0 0 0 0 0 0 0 0 0 0 0 0 0 0 0 0 0 0 0 0 0 0 0 0 0 0 0 0 33 236 236 236 236 236 236 236 236 236 236 236 236 0 0 0 0 0 0 0 0 0 0 0 0 0 0 0 0 0 0 0 0 0 0 1024 1024 0 0 0 0 0 0 0 0 0 0 0 0 0 0 0 1057 0 0 0 0 0 0 0 0 0 
0 0 0 0 0 0 0 0 0 0 0 0 0 0 0 0 0 0 0 0 0 0 0 0 0 0 0 0 0 0 0 0 0 0 0 0 0 0 0 0 0 0 0 0 0 0 0 0 0 0 0 0 0 0 0 0 0 0 0 0 0 0 0 0 0 0 33 236 236 236 236 236 1263 236 236 236 236 236 236 0 0 0 0 0 0 192 196 196 1216 0 0 0 0 0 0 0 0 0 0 0 0 0 0 0 0 0 0 1024 1024 1024 1024 0 0 0 0 0 0 0 1057 0 0 0 0 0 0 0 0 0 
0 0 0 0 0 0 0 0 0 0 0 0 0 0 0 0 0 0 0 0 0 0 0 0 0 0 0 0 0 0 0 0 0 0 0 0 0 0 0 0 0 0 0 0 0 0 0 0 0 0 0 0 0 0 0 0 0 0 0 0 0 0 0 0 0 0 33 236 236 236 236 236 236 236 236 236 236 236 236 0 0 0 0 0 0 2240 2244 2244 3264 0 0 0 0 0 0 0 0 0 0 0 0 0 0 0 0 0 0 1024 1024 1024 1024 0 0 0 0 0 0 0 1057 0 0 0 0 0 0 0 0 0 
0 0 0 0 0 0 0 0 0 0 0 0 0 0 0 0 0 0 0 0 0 0 0 0 0 0 0 0 0 0 0 0 0 0 0 0 0 0 0 0 0 0 0 0 0 0 0 0 0 0 0 0 0 0 0 0 0 0 0 0 0 0 0 0 0 0 33 236 236 236 236 236 236 236 236 236 236 236 236 0 0 0 0 0 0 0 0 0 0 0 0 0 0 0 11 3 3 3 1028 0 0 0 0 4 3 3 3 1035 1024 1024 1024 1024 1024 0 0 0 0 0 1057 0 0 0 0 0 0 0 0 0 
0 0 0 0 0 0 0 0 0 0 0 0 0 0 0 0 0 0 0 0 0 0 0 0 0 0 0 0 0 0 0 0 0 0 0 0 0 0 0 0 0 0 0 0 0 0 0 0 0 0 0 0 0 0 0 0 0 0 0 0 0 0 0 0 0 0 33 236 236 236 236 236 236 236 236 236 236 236 236 0 0 0 0 0 0 0 0 0 0 0 0 0 0 11 3083 0 0 0 2081 2048 2048 3072 3072 3105 0 1024 1024 2059 1035 1024 1024 1024 1024 0 0 0 0 0 1057 0 0 0 0 0 0 0 0 0 
0 0 0 0 0 0 0 0 0 0 0 0 0 0 0 0 0 0 0 0 0 0 0 0 0 0 0 0 0 0 0 0 0 0 0 0 0 0 0 0 0 0 0 0 0 0 0 0 0 0 0 0 0 0 0 0 0 0 0 0 0 0 0 0 0 0 33 236 236 236 236 236 236 236 236 236 236 236 236 0 0 0 0 0 0 0 0 0 0 0 0 0 11 3083 0 0 0 0 2059 1027 1027 1027 1027 3083 0 1024 1024 1024 2059 1035 1024 1024 1024 0 0 0 0 0 1057 0 0 0 0 0 0 0 0 0 
0 0 0 0 0 0 0 0 0 0 0 0 0 0 0 0 0 0 0 0 0 0 0 0 0 0 0 0 0 0 0 0 0 0 0 0 0 0 0 0 0 0 0 0 0 0 0 0 0 0 0 0 0 0 0 0 0 0 0 0 0 0 0 0 0 0 33 236 236 236 236 236 236 236 236 236 236 236 236 0 0 0 0 0 0 0 0 0 0 0 0 11 3083 0 0 0 0 0 0 0 0 0 0 0 0 1024 1024 1024 1024 2059 1035 1024 1024 0 0 0 0 0 1057 0 0 0 0 0 0 0 0 0 
0 0 0 0 0 0 0 0 0 0 0 0 0 0 0 0 0 0 0 0 0 0 0 0 0 0 0 0 0 0 0 0 0 0 0 0 0 0 0 0 0 0 0 0 0 0 0 0 0 0 0 0 0 0 0 0 0 0 0 0 0 0 0 0 0 0 33 236 236 236 236 236 236 236 236 236 236 236 236 0 0 0 0 0 0 0 0 0 0 0 11 3083 0 0 0 0 0 0 0 0 0 0 0 0 0 1024 1024 1024 1024 1024 2059 1035 1024 0 0 0 0 0 1057 0 0 0 0 0 0 0 0 0 
0 0 0 0 0 0 0 0 0 0 0 0 0 0 0 0 0 0 0 0 0 0 0 0 0 0 0 0 0 0 0 0 0 0 0 0 0 0 0 0 0 0 0 0 0 0 0 0 0 0 0 0 0 0 0 0 0 0 0 0 0 0 0 0 0 0 2059 3 1035 248 3072 248 3072 248 3072 248 3072 11 3 3 3 3 3 3 3 3 3 3 3 3 3083 0 0 0 0 0 0 0 0 0 0 0 0 0 0 1024 1024 1024 1024 1024 1024 2059 1027 3 3 3 3 3 3083 0 0 0 0 0 0 0 0 0 
0 0 0 0 0 0 0 0 0 0 0 0 0 0 0 0 0 0 0 0 0 0 0 0 0 0 0 0 0 0 0 0 0 0 0 0 0 0 0 0 0 0 0 0 0 0 0 0 0 0 0 0 0 0 0 0 0 0 0 0 0 0 0 0 0 0 0 0 2081 0 0 0 0 0 0 0 3072 3105 0 0 0 0 0 0 0 0 0 0 0 0 0 0 0 0 0 0 0 0 0 0 0 0 0 0 0 0 0 0 0 0 0 0 0 0 0 0 0 0 0 0 0 0 0 0 0 0 0 0 
0 0 0 0 0 0 0 0 0 0 0 0 0 0 0 0 0 0 0 0 0 0 0 0 0 0 0 0 0 0 0 0 0 0 0 0 0 0 0 0 0 0 0 0 0 0 0 0 0 0 0 0 0 0 0 0 0 0 0 0 0 0 0 0 0 0 0 0 2059 2051 3075 2051 3075 3075 3075 3075 3075 3083 0 0 0 0 0 0 0 0 0 0 0 0 0 0 0 0 0 0 0 0 0 0 0 0 0 0 0 0 0 0 0 0 0 0 0 0 0 0 0 0 0 0 0 0 0 0 0 0 0 0 
0 0 0 0 0 0 0 0 0 0 0 0 0 0 0 0 0 0 0 0 0 0 0 0 0 0 0 0 0 0 0 0 0 0 0 0 0 0 0 0 0 0 0 0 0 0 0 0 0 0 0 0 0 0 0 0 0 0 0 0 0 0 0 0 0 0 2048 0 0 0 0 0 0 0 0 0 0 0 0 0 0 0 0 0 0 0 0 0 0 0 0 0 0 0 0 0 0 0 0 0 0 0 0 0 0 0 0 0 0 0 0 0 0 0 0 0 0 0 0 0 0 0 0 0 0 0 0 0 
0 0 0 0 0 0 0 0 0 0 0 0 0 0 0 0 0 0 0 0 0 0 0 0 0 0 0 0 0 0 0 0 0 0 0 0 0 0 0 0 0 0 0 0 0 0 0 0 0 0 0 0 0 0 0 0 0 0 0 0 0 0 0 0 0 0 2048 0 0 0 0 0 0 0 0 0 0 0 0 0 0 0 0 0 0 0 0 0 0 0 0 0 0 0 0 0 0 0 0 0 0 0 0 0 0 0 0 0 0 0 0 0 0 0 0 0 0 0 0 0 0 0 0 0 0 0 0 0 
0 0 0 0 0 0 0 0 0 0 0 0 0 0 0 0 0 0 0 0 0 0 0 0 0 0 0 0 0 0 0 0 0 0 0 0 0 0 0 0 0 0 0 0 0 0 0 0 0 0 0 0 0 0 0 0 0 0 0 0 0 0 0 0 0 0 0 0 0 0 0 0 0 0 0 0 0 0 0 0 0 0 0 0 0 0 0 0 0 0 0 0 0 0 0 0 0 0 0 0 0 0 0 0 0 0 0 0 0 0 0 0 0 0 0 0 0 0 0 0 0 0 0 0 0 0 0 0 
0 0 0 0 0 0 0 0 0 0 0 0 0 0 0 0 0 0 0 0 0 0 0 0 0 0 0 0 0 0 0 0 0 0 0 0 0 0 0 0 0 0 0 0 0 0 0 0 0 0 0 0 0 0 0 0 0 0 0 0 0 0 0 0 0 0 0 0 0 0 0 0 0 0 0 0 0 0 0 0 0 0 0 0 0 0 0 0 0 0 0 0 0 0 0 0 0 0 0 0 0 0 0 0 0 0 0 0 0 0 0 0 0 0 0 0 0 0 0 0 0 0 0 0 0 0 0 0 
0 0 0 0 0 0 0 0 0 0 0 0 0 0 0 0 0 0 0 0 0 0 0 0 0 0 0 0 0 0 0 0 0 0 0 0 0 0 0 0 0 0 0 0 0 0 0 0 0 0 0 0 0 0 0 0 0 0 0 0 0 0 0 0 0 0 0 0 0 0 0 0 0 0 0 0 0 0 0 0 0 0 0 0 0 0 0 0 0 0 0 0 0 0 0 0 0 0 0 0 0 0 0 0 0 0 0 0 0 0 0 0 0 0 0 0 0 0 0 0 0 0 0 0 0 0 0 0 
0 0 0 0 0 0 0 0 0 0 0 0 0 0 0 0 0 0 0 0 0 0 0 0 0 0 0 0 0 0 0 0 0 0 0 0 0 0 0 0 0 0 0 0 0 0 0 0 0 0 0 0 0 0 0 0 0 0 0 0 0 0 0 0 0 0 0 0 0 0 0 0 0 0 0 0 0 0 0 0 0 0 0 0 0 0 0 0 0 0 0 0 0 0 0 0 0 0 0 0 0 0 0 0 0 0 0 0 0 0 0 0 0 0 0 0 0 0 0 0 0 0 0 0 0 0 0 0 
0 0 0 0 0 0 0 0 0 0 0 0 0 0 0 0 0 0 0 0 0 0 0 0 0 0 0 0 0 0 0 0 0 0 0 0 0 0 0 0 0 0 0 0 0 0 0 0 0 0 0 0 0 0 0 0 0 0 0 0 0 0 0 0 0 0 0 0 0 0 0 0 0 0 0 0 0 0 0 0 0 0 0 0 0 0 0 0 0 0 0 0 0 0 0 0 0 0 0 0 0 0 0 0 0 0 0 0 0 0 0 0 0 0 0 0 0 0 0 0 0 0 0 0 0 0 0 0 
0 0 0 0 0 0 0 0 0 0 0 0 0 0 0 0 0 0 0 0 0 0 0 0 0 0 0 0 0 0 0 0 0 0 0 0 0 0 0 0 0 0 0 0 0 0 0 0 0 0 0 0 0 0 0 0 0 0 0 0 0 0 0 0 0 0 0 0 0 0 0 0 0 0 0 0 0 0 0 0 0 0 0 0 0 0 0 0 0 0 0 0 0 0 0 0 0 0 0 0 0 0 0 0 0 0 0 0 0 0 0 0 0 0 0 0 0 0 0 0 0 0 0 0 0 0 0 0 
0 0 0 0 0 0 0 0 0 0 0 0 0 0 0 0 0 0 0 0 0 0 0 0 0 0 0 0 0 0 0 0 0 0 0 0 0 0 0 0 0 0 0 0 0 0 0 0 0 0 0 0 0 0 0 0 0 0 0 0 0 0 0 0 0 0 0 0 0 0 0 0 0 0 0 0 0 0 0 0 0 0 0 0 0 0 0 0 0 0 0 0 0 0 0 0 0 0 0 0 0 0 0 0 0 0 0 0 0 0 0 0 0 0 0 0 0 0 0 0 0 0 0 0 0 0 0 0 
0 0 0 0 0 0 0 0 0 0 0 0 0 0 0 0 0 0 0 0 0 0 0 0 0 0 0 0 0 0 0 0 0 0 0 0 0 0 0 0 0 0 0 0 0 0 0 0 0 0 0 0 0 0 0 0 0 0 0 0 0 0 0 0 0 0 0 0 0 0 0 0 0 0 0 0 0 0 0 0 0 0 0 0 0 0 0 0 0 0 0 0 0 0 0 0 0 0 0 0 0 0 0 0 0 0 0 0 0 0 0 0 0 0 0 0 0 0 0 0 0 0 0 0 0 0 0 0 
0 0 0 0 0 0 0 0 0 0 0 0 0 0 0 0 0 0 0 0 0 0 0 0 0 0 0 0 0 0 0 0 0 0 0 0 0 0 0 0 0 0 0 0 0 0 0 0 0 0 0 0 0 0 0 0 0 0 0 0 0 0 0 0 0 0 0 0 0 0 0 0 0 0 0 0 0 0 0 0 0 0 0 0 0 0 0 0 0 0 0 0 0 0 0 0 0 0 0 0 0 0 0 0 0 0 0 0 0 0 0 0 0 0 0 0 0 0 0 0 0 0 0 0 0 0 0 0 
0 0 0 0 0 0 0 0 0 0 0 0 0 0 0 0 0 0 0 0 0 0 0 0 0 0 0 0 0 0 0 0 0 0 0 0 0 0 0 0 0 0 0 0 0 0 0 0 0 0 0 0 0 0 0 0 0 0 0 0 0 0 0 0 0 0 0 0 0 0 0 0 0 0 0 0 0 0 0 0 0 0 0 0 0 0 0 0 0 0 0 0 0 0 0 0 0 0 0 0 0 0 0 0 0 0 0 0 0 0 0 0 0 0 0 0 0 0 0 0 0 0 0 0 0 0 0 0 
0 0 0 0 0 0 0 0 0 0 0 0 0 0 0 0 0 0 0 0 0 0 0 0 0 0 0 0 0 0 0 0 0 0 0 0 0 0 0 0 0 0 0 0 0 0 0 0 0 0 0 0 0 0 0 0 0 0 0 0 0 0 0 0 0 0 0 0 0 0 0 0 0 0 0 0 0 0 0 0 0 0 0 0 0 0 0 0 0 0 0 0 0 0 0 0 0 0 0 0 0 0 0 0 0 0 0 0 0 0 0 0 0 0 0 0 0 0 0 0 0 0 0 0 0 0 0 0 
0 0 0 0 0 0 0 0 0 0 0 0 0 0 0 0 0 0 0 0 0 0 0 0 0 0 0 0 0 0 0 0 0 0 0 0 0 0 0 0 0 0 0 0 0 0 0 0 0 0 0 0 0 0 0 0 0 0 0 0 0 0 0 0 0 0 0 0 0 0 0 0 0 0 0 0 0 0 0 0 0 0 0 0 0 0 0 0 0 0 0 0 0 0 0 0 0 0 0 0 0 0 0 0 0 0 0 0 0 0 0 0 0 0 0 0 0 0 0 0 0 0 0 0 0 0 0 0 
0 0 0 0 0 0 0 0 0 0 0 0 0 0 0 0 0 0 0 0 0 0 0 0 0 0 0 0 0 0 0 0 0 0 0 0 0 0 0 0 0 0 0 0 0 0 0 0 0 0 0 0 0 0 0 0 0 0 0 0 0 0 0 0 0 0 0 0 0 0 0 0 0 0 0 0 0 0 0 0 0 0 0 0 0 0 0 0 0 0 0 0 0 0 0 0 0 0 0 0 0 0 0 0 0 0 0 0 0 0 0 0 0 0 0 0 0 0 0 0 0 0 0 0 0 0 0 0 
0 0 0 0 0 0 0 0 0 0 0 0 0 0 0 0 0 0 0 0 0 0 0 0 0 0 0 0 0 0 0 0 0 0 0 0 0 0 0 0 0 0 0 0 0 0 0 0 0 0 0 0 0 0 0 0 0 0 0 0 0 0 0 0 0 0 0 0 0 0 0 0 0 0 0 0 0 0 0 0 0 0 0 0 0 0 0 0 0 0 0 0 0 0 0 0 0 0 0 0 0 0 0 0 0 0 0 0 0 0 0 0 0 0 0 0 0 0 0 0 0 0 0 0 0 0 0 0 
0 0 0 0 0 0 0 0 0 0 0 0 0 0 0 0 0 0 0 0 0 0 0 0 0 0 0 0 0 0 0 0 0 0 0 0 0 0 0 0 0 0 0 0 0 0 0 0 0 0 0 0 0 0 0 0 0 0 0 0 0 0 0 0 0 0 0 0 0 0 0 0 0 0 0 0 0 0 0 0 0 0 0 0 0 0 0 0 0 0 0 0 0 0 0 0 0 0 0 0 0 0 0 0 0 0 0 0 0 0 0 0 0 0 0 0 0 0 0 0 0 0 0 0 0 0 0 0 
0 0 0 0 0 0 0 0 0 0 0 0 0 0 0 0 0 0 0 0 0 0 0 0 0 0 0 0 0 0 0 0 0 0 0 0 0 0 0 0 0 0 0 0 0 0 0 0 0 0 0 0 0 0 0 0 0 0 0 0 0 0 0 0 0 0 0 0 0 0 0 0 0 0 0 0 0 0 0 0 0 0 0 0 0 0 0 0 0 0 0 0 0 0 0 0 0 0 0 0 0 0 0 0 0 0 0 0 0 0 0 0 0 0 0 0 0 0 0 0 0 0 0 0 0 0 0 0 
0 0 0 0 0 0 0 0 0 0 0 0 0 0 0 0 0 0 0 0 0 0 0 0 0 0 0 0 0 0 0 0 0 0 0 0 0 0 0 0 0 0 0 0 0 0 0 0 0 0 0 0 0 0 0 0 0 0 0 0 0 0 0 0 0 0 0 0 0 0 0 0 0 0 0 0 0 0 0 0 0 0 0 0 0 0 0 0 0 0 0 0 0 0 0 0 0 0 0 0 0 0 0 0 0 0 0 0 0 0 0 0 0 0 0 0 0 0 0 0 0 0 0 0 0 0 0 0 
0 0 0 0 0 0 0 0 0 0 0 0 0 0 0 0 0 0 0 0 0 0 0 0 0 0 0 0 0 0 0 0 0 0 0 0 0 0 0 0 0 0 0 0 0 0 0 0 0 0 0 0 0 0 0 0 0 0 0 0 0 0 0 0 0 0 0 0 0 0 0 0 0 0 0 0 0 0 0 0 0 0 0 0 0 0 0 0 0 0 0 0 0 0 0 0 0 0 0 0 0 0 0 0 0 0 0 0 0 0 0 0 0 0 0 0 0 0 0 0 0 0 0 0 0 0 0 0 
0 0 0 0 0 0 0 0 0 0 0 0 0 0 0 0 0 0 0 0 0 0 0 0 0 0 0 0 0 0 0 0 0 0 0 0 0 0 0 0 0 0 0 0 0 0 0 0 0 0 0 0 0 0 0 0 0 0 0 0 0 0 0 0 0 0 0 0 0 0 0 0 0 0 0 0 0 0 0 0 0 0 0 0 0 0 0 0 2048 2048 2048 0 0 0 0 0 0 0 0 0 0 0 0 0 0 0 0 0 0 0 0 0 0 0 0 0 0 0 0 0 0 0 0 0 0 0 0 0 
0 0 0 0 0 0 0 0 0 0 0 0 0 0 0 0 0 0 0 0 0 0 0 0 0 0 0 0 0 0 0 0 0 0 0 0 0 0 0 0 0 0 0 0 0 0 0 0 0 0 0 0 0 0 0 0 0 0 0 0 0 0 0 0 0 0 0 0 0 0 0 0 0 0 0 0 0 0 0 0 0 0 0 0 0 0 0 0 0 0 0 0 0 0 0 0 0 0 0 0 0 0 0 0 0 0 0 0 0 0 0 0 0 0 0 0 0 0 0 0 0 0 0 0 0 0 0 0 
0 0 0 0 0 0 0 0 0 0 0 0 0 0 0 0 0 0 0 0 0 0 0 0 0 0 0 0 0 0 0 0 0 0 0 0 0 0 0 0 0 0 0 0 0 0 0 0 0 0 0 0 0 0 0 0 0 0 0 0 0 0 0 0 0 0 0 0 0 0 0 0 0 0 0 0 0 0 0 0 0 0 0 0 0 0 0 0 0 0 0 0 0 0 0 0 0 0 0 0 0 0 0 0 0 0 0 0 0 0 0 0 0 0 0 0 0 0 0 0 0 0 0 0 0 0 0 0 
0 0 0 0 0 0 0 0 0 0 0 0 0 0 0 0 0 0 0 0 0 0 0 0 0 0 0 0 0 0 0 0 0 0 0 0 0 0 0 0 0 0 0 0 0 0 0 0 0 0 0 0 0 0 0 0 0 0 0 0 0 0 0 0 0 0 0 0 0 0 0 0 0 0 0 0 0 0 0 0 0 0 0 0 0 0 0 0 0 0 0 0 0 0 0 0 0 0 0 0 0 0 0 0 0 0 0 0 0 0 0 0 0 0 0 0 0 0 0 0 0 0 0 0 0 0 0 0 
0 0 0 0 0 0 0 0 0 0 0 0 0 0 0 0 0 0 0 0 0 0 0 0 0 0 0 0 0 0 0 0 0 0 0 0 0 0 0 0 0 0 0 0 0 0 0 0 0 0 0 0 0 0 0 0 0 0 0 0 0 0 0 0 0 0 0 0 0 0 0 0 0 0 0 0 0 0 0 0 0 0 0 0 0 0 0 0 0 0 0 0 0 0 0 0 0 0 0 0 0 0 0 0 0 0 0 0 0 0 0 0 0 0 0 0 0 0 0 0 0 0 0 0 0 0 0 0 
0 0 0 0 0 0 0 0 0 0 0 0 0 0 0 0 0 0 0 0 0 0 0 0 0 0 0 0 0 0 0 0 0 0 0 0 0 0 0 0 0 0 0 0 0 0 0 0 0 0 0 0 0 0 0 0 0 0 0 0 0 0 0 0 0 0 0 0 0 0 0 0 0 0 0 0 0 0 0 0 0 0 0 0 0 0 0 0 0 0 0 0 0 0 0 0 0 0 0 0 0 0 0 0 0 0 0 0 0 0 0 0 0 0 0 0 0 0 0 0 0 0 0 0 0 0 0 0 
0 0 0 0 0 0 0 0 0 0 0 0 0 0 0 0 0 0 0 0 0 0 0 0 0 0 0 0 0 0 0 0 0 0 0 0 0 0 0 0 0 0 0 0 0 0 0 0 0 0 0 0 0 0 0 0 0 0 0 0 0 0 0 0 0 0 0 0 0 0 0 0 0 0 0 0 0 0 0 0 0 0 0 0 0 0 0 0 0 0 0 0 0 0 0 0 0 0 0 0 0 0 0 0 0 0 0 0 0 0 0 0 0 0 0 0 0 0 0 0 0 0 0 0 0 0 0 0 
