128 256
233 0 225 225 233 0 225 225 231 0 0 0 241 224 227 0 245 226 0 224 224 224 0 225 226 224 0 225 226 224 0 241 224 228 0 245 227 0 224 224 224 0 225 226 224 0 225 226 224 0 241 224 229 0 245 225 0 224 224 224 0 225 226 224 0 225 226 224 3072 241 224 230 0 245 224 0 224 224 224 0 224 224 224 0 226 231 224 0 241 224 231 0 245 226 0 224 224 224 0 224 224 224 0 226 231 224 0 241 224 233 0 245 225 0 224 224 224 0 224 232 224 0 225 226 224 0 0 0 
241 225 224 0 245 227 0 224 224 224 0 224 232 224 0 225 226 224 0 241 225 225 0 245 225 0 224 224 229 0 224 232 224 0 225 226 224 2048 241 225 226 0 245 227 0 224 224 229 0 224 232 224 0 225 226 224 0 241 225 227 0 245 225 0 224 225 224 0 224 232 224 0 225 226 224 0 241 225 228 0 245 227 0 224 225 224 0 224 232 224 0 225 226 224 0 241 225 229 0 245 225 0 224 225 229 0 224 224 224 0 225 232 224 0 0 0 0 0 0 0 0 0 0 0 0 0 0 0 
241 225 230 0 245 227 0 224 225 229 0 224 224 224 0 225 232 224 0 241 227 224 0 244 231 0 226 0 224 226 224 0 225 226 224 0 241 227 225 0 244 224 0 227 0 224 232 224 0 225 226 224 3072 241 227 226 0 244 229 0 224 0 224 230 224 0 225 226 224 0 241 227 227 0 244 225 0 227 0 225 224 224 0 225 226 224 0 241 228 224 0 247 224 0 224 224 0 224 232 224 0 232 230 224 0 241 228 226 0 247 228 0 227 224 0 224 232 224 0 232 230 224 0 0 0 0 0 0 
241 228 228 0 247 228 0 224 224 0 225 226 224 0 233 230 224 0 0 0 0 0 0 0 0 0 0 0 0 0 0 0 0 0 0 0 0 0 0 0 0 0 0 0 0 0 0 0 0 0 0 0 0 0 0 0 0 0 0 0 0 0 0 0 0 0 0 0 0 0 0 0 0 0 0 0 0 0 0 0 0 3072 3072 3072 3072 3072 3072 0 0 0 0 0 0 0 0 0 0 0 0 0 0 0 0 0 0 0 0 0 0 0 0 0 0 0 0 0 0 0 0 0 0 0 0 0 0 0 0 0 
0 0 0 0 0 0 0 0 0 0 0 0 0 0 0 0 0 0 0 0 0 0 0 0 0 0 0 0 0 0 0 0 0 0 0 0 0 0 0 0 0 0 0 0 0 0 0 0 0 0 0 0 0 0 0 0 0 0 0 0 0 0 0 0 0 0 0 0 0 0 0 0 0 0 0 0 0 0 0 0 0 0 0 0 0 0 0 0 0 0 0 0 0 0 0 0 0 0 0 0 0 0 0 0 0 0 0 0 0 0 0 0 0 0 0 0 0 0 0 0 0 0 0 0 0 0 0 0 
0 0 0 0 0 0 0 0 0 0 0 0 0 0 0 0 0 0 0 0 0 0 0 0 0 0 0 0 0 0 0 0 0 0 0 0 0 0 0 0 0 0 0 0 0 0 0 0 0 0 0 0 0 0 0 2048 2048 2048 2048 2048 2048 2048 2048 2048 2048 2048 2048 3072 3072 0 0 0 0 0 0 0 0 0 3072 3072 3072 0 0 0 0 0 0 0 0 0 0 0 0 0 0 0 0 0 0 0 0 0 0 0 0 0 0 0 0 0 0 0 0 0 0 0 0 0 0 0 0 0 0 0 0 0 0 0 
0 0 0 0 0 0 0 0 0 0 0 0 0 0 0 0 0 0 0 0 0 0 0 0 0 0 0 0 0 0 0 0 0 0 0 0 0 0 0 0 0 0 0 0 0 0 0 0 0 0 0 0 0 0 0 0 0 0 0 0 0 0 2048 2048 0 0 0 0 0 0 0 0 0 0 0 0 0 0 0 0 0 0 0 0 0 0 0 0 0 0 0 0 0 0 0 0 0 0 0 0 0 0 0 0 0 0 0 0 0 0 0 0 0 0 0 0 0 0 0 0 0 0 0 0 0 0 0 0 
0 0 0 0 0 0 0 0 0 0 0 0 0 0 0 0 0 0 0 0 0 0 0 0 0 0 0 0 0 0 0 0 0 0 0 0 0 0 0 0 0 0 0 0 0 0 1024 1024 1024 1024 1024 0 0 0 0 0 0 0 0 0 0 0 0 0 0 0 0 0 0 0 0 0 0 0 0 0 0 0 0 0 0 0 0 0 0 0 0 0 0 0 0 0 0 0 0 0 0 0 0 0 0 0 0 0 0 0 0 0 0 0 0 0 0 0 0 0 0 0 0 0 0 0 0 0 0 0 0 0 
0 0 0 0 0 0 0 0 0 0 0 0 0 0 0 0 0 0 0 0 0 0 0 0 0 0 0 0 0 0 0 0 0 0 0 0 0 0 0 0 0 0 0 0 0 0 0 0 0 1024 1024 1024 1024 1024 1024 0 0 0 0 0 0 0 0 0 0 0 0 0 0 0 0 0 0 0 0 0 0 0 0 0 0 0 0 0 0 0 0 0 0 0 0 0 0 0 0 0 0 0 0 0 0 0 0 0 0 0 0 0 0 0 0 0 0 0 0 0 0 0 0 0 0 0 0 0 0 0 0 0 
0 0 0 0 0 0 0 0 0 0 0 0 0 0 0 0 0 0 0 0 0 0 0 0 0 0 0 0 0 0 0 0 0 0 0 0 0 0 0 0 0 0 0 0 0 0 0 0 0 0 0 0 0 0 0 0 0 0 0 0 0 0 0 0 0 0 1024 1024 0 0 0 0 0 0 0 0 0 0 0 0 0 0 0 0 0 0 0 0 0 0 0 0 0 0 0 0 0 0 0 0 0 0 0 0 0 0 0 0 0 0 0 0 0 0 0 0 0 0 0 0 0 0 0 0 0 0 0 0 
0 0 0 0 0 0 0 0 0 0 0 0 0 0 0 0 0 0 0 0 0 0 0 0 0 0 0 0 0 0 0 0 0 0 0 0 0 0 0 0 0 0 0 0 0 0 0 0 0 0 0 0 0 0 0 0 0 0 0 0 0 0 0 0 0 0 1024 1024 0 0 0 4 3 3 3 3 3 3 3 3 3 3 3 3 3 3 3 3 3 3 3 3 3 3 3 3 3 1027 3 3 3 3 1028 0 0 0 0 0 0 0 0 0 0 0 0 0 0 0 0 0 0 0 0 0 0 0 0 0 
0 0 0 0 0 0 0 0 0 0 0 0 0 0 0 0 0 0 0 0 0 0 0 0 0 0 0 0 0 0 0 0 0 0 0 0 0 0 0 0 0 0 0 0 0 0 0 0 0 0 0 0 0 0 0 0 0 0 0 0 0 0 0 0 0 0 0 0 0 0 0 2081 0 0 0 0 0 0 0 0 0 0 0 0 0 0 0 0 0 0 234 234 234 234 234 234 234 234 234 234 234 234 3105 0 0 0 0 0 0 0 0 0 0 0 0 0 0 0 0 0 0 0 0 0 0 0 0 0 
0 0 0 0 0 0 0 0 0 0 0 0 0 0 0 0 0 0 0 0 0 0 0 0 0 0 0 0 0 0 0 0 0 0 0 0 0 0 0 0 0 0 0 0 0 0 0 0 0 0 0 0 0 0 0 0 0 0 0 0 0 0 0 0 0 0 0 0 0 0 0 33 0 0 0 0 0 0 0 0 0 0 0 0 0 0 0 0 0 0 234 234 234 234 234 234 234 234 234 234 234 234 3105 0 0 0 0 0 0 0 0 0 0 0 0 0 0 0 0 0 0 0 0 0 0 0 0 0 
0 0 0 0 0 0 0 0 0 0 0 0 0 0 0 0 0 0 0 0 0 0 0 0 0 0 0 0 0 0 0 0 0 0 0 0 0 0 0 0 0 0 0 0 0 0 0 0 0 0 0 0 0 0 0 0 0 0 0 0 0 0 0 0 0 0 0 0 0 0 0 33 0 0 0 0 0 0 0 0 0 0 0 0 0 0 0 0 0 0 234 234 234 234 234 234 234 234 234 234 234 234 1057 0 0 0 0 0 0 0 0 0 0 0 0 0 0 0 0 0 0 0 0 0 0 0 0 0 
0 0 0 0 0 0 0 0 0 0 0 0 0 0 0 0 0 0 0 0 0 0 0 0 0 0 0 0 0 0 0 0 0 0 0 0 0 0 0 0 0 0 0 0 0 0 0 0 0 0 0 0 0 0 0 0 0 0 0 0 0 0 0 0 0 0 0 0 0 0 0 33 0 0 0 0 0 0 0 0 0 0 0 0 0 0 0 0 0 0 234 234 234 234 234 234 234 234 234 234 234 234 33 0 0 0 0 0 0 0 0 0 0 0 0 0 0 0 0 0 0 0 0 0 0 0 0 0 
0 0 0 0 0 0 0 0 0 0 0 0 0 0 0 0 0 0 0 0 0 0 0 0 0 0 0 0 0 0 0 0 0 0 0 0 0 0 0 0 0 0 0 0 0 0 0 0 0 0 0 0 0 0 0 0 0 0 0 0 0 0 0 0 0 0 0 0 0 0 11 3083 0 0 0 0 0 0 0 0 0 0 0 0 0 0 0 0 0 0 234 234 234 234 234 234 234 234 234 234 234 234 33 0 0 0 0 0 0 0 0 0 0 0 0 0 0 0 0 0 0 0 0 0 0 0 0 0 
0 0 0 0 0 0 0 0 0 0 0 0 0 0 0 0 0 0 0 0 0 0 0 0 0 0 0 0 0 0 0 0 0 0 0 0 0 0 0 0 0 0 0 0 0 0 0 0 0 0 0 0 0 0 0 0 3072 0 0 1024 0 0 0 0 11 3 3 3 3 3 3083 1024 0 0 0 0 0 0 0 0 0 0 0 0 0 0 0 0 0 0 234 234 234 234 234 237 234 234 234 234 234 234 33 0 0 0 0 0 0 0 0 0 0 0 0 0 0 0 0 0 0 0 0 0 0 0 0 0 
0 0 0 0 0 0 0 0 0 0 0 0 0 0 0 0 0 0 0 0 0 0 0 0 0 0 0 0 0 0 0 0 0 0 0 0 0 0 0 0 0 0 0 0 0 0 0 0 0 0 0 0 0 0 0 0 0 0 0 0 0 0 1024 11 3083 0 0 0 0 0 0 0 0 0 0 0 0 0 0 0 0 0 0 0 0 0 0 0 0 0 234 234 234 234 234 234 234 234 234 234 234 234 33 0 0 0 0 0 0 0 0 0 0 0 0 0 0 0 0 0 0 0 0 0 0 0 0 0 
0 0 0 0 0 0 0 0 0 0 0 0 0 0 0 0 0 0 0 0 0 0 0 0 0 0 0 0 0 0 0 0 0 0 0 0 0 0 0 0 0 0 0 0 0 0 0 0 0 0 0 0 0 0 0 0 0 0 0 0 0 0 11 3083 0 0 0 0 0 0 0 0 0 0 0 0 0 0 0 0 0 0 0 0 0 0 0 0 0 0 234 234 234 234 234 234 234 234 234 234 234 234 33 0 0 0 0 0 0 0 0 0 0 0 0 0 0 0 0 0 0 0 0 0 0 0 0 0 
0 0 0 0 0 0 0 4 3 3 3 3 3 3 3 3 3 3 3 3 1028 0 0 0 0 0 0 0 0 2048 2048 0 0 0 0 0 0 0 0 0 0 0 0 0 0 0 0 0 0 0 0 0 0 0 0 0 0 0 0 0 0 11 3083 0 0 0 0 0 0 0 0 0 0 0 0 0 0 0 0 0 0 0 0 0 0 0 0 0 0 0 234 234 234 234 234 234 234 234 234 234 234 234 33 0 0 0 0 0 0 0 0 0 0 0 0 0 0 0 0 0 0 0 0 0 0 0 0 0 
0 0 0 0 0 0 0 33 253 253 253 253 253 253 253 253 253 253 253 253 2052 3075 2051 3075 2051 3075 2051 3075 2051 3075 3075 3 3 1027 1027 3 3 3 1139 1138 3072 3072 3072 3072 0 0 0 0 0 0 0 0 0 0 0 0 0 0 0 0 0 33 0 0 0 0 0 0 0 0 0 0 0 0 0 0 0 0 0 0 0 0 0 0 0 0 0 0 0 0 234 234 234 234 234 234 234 234 234 234 234 234 33 0 0 0 0 0 0 0 0 0 0 0 0 0 0 0 0 0 0 0 0 0 0 0 0 0 
0 0 0 0 0 0 0 33 253 253 253 253 253 253 253 253 253 253 253 253 0 0 0 0 0 0 0 0 0 0 0 0 0 2048 2048 3072 3072 3072 2162 2163 1139 1138 3072 3072 0 0 0 0 0 0 0 0 0 0 0 0 0 0 0 0 0 33 0 0 0 0 240 224 227 0 0 0 0 0 0 0 0 0 0 0 0 0 0 0 0 0 0 0 0 0 234 234 234 234 234 234 234 234 234 234 234 234 33 0 0 0 0 0 0 0 0 0 0 0 0 0 0 0 0 0 0 0 0 0 0 0 0 0 
0 0 0 0 0 0 0 33 253 253 253 253 253 253 253 253 253 253 253 253 0 0 0 0 0 0 0 0 0 0 0 0 0 2048 2048 3072 3072 3072 3072 3072 2162 2163 1139 1138 3072 3072 0 0 0 0 0 0 0 0 0 0 0 0 0 0 0 33 0 0 0 0 0 0 0 0 0 0 0 2048 0 0 0 0 0 0 0 0 0 0 0 0 0 0 0 0 234 234 234 234 234 234 234 234 234 234 234 234 33 0 0 0 0 0 0 0 0 0 0 0 0 0 0 0 0 0 0 0 0 0 0 0 0 0 
0 0 0 0 0 0 0 33 253 253 253 253 253 253 253 253 253 253 253 253 0 0 0 0 0 0 0 0 0 0 0 0 0 2048 2048 3072 3072 3072 3072 3072 3072 3072 2162 2163 1035 3072 0 0 0 0 0 0 0 0 0 0 0 0 0 0 0 33 0 0 0 0 0 0 0 0 0 0 0 0 11 3 3 3 3 3 3 3 3 3 3 3 3 3 3 3 3 3 3 1035 0 0 0 0 0 0 0 0 33 0 0 0 0 0 0 0 0 0 0 0 0 0 0 0 0 0 0 0 0 0 0 0 0 0 
0 0 0 0 0 0 0 33 253 253 253 253 253 253 253 253 253 253 253 253 0 0 0 0 0 0 0 0 0 0 0 0 0 0 0 0 0 0 0 3072 3072 3072 3072 3072 2059 1035 0 0 0 0 0 0 0 4 3 3 3 3 3 3 1027 3076 0 0 0 0 0 0 0 0 0 0 0 0 2052 3 3 1027 3 3 3 3 1028 0 0 4 3 3 3 3 1027 1027 1027 3076 0 0 0 0 0 0 0 0 2052 3 3 3 1027 3 3 3 1028 0 0 0 0 0 0 0 0 0 0 0 0 0 0 0 0 0 
0 0 0 0 0 0 0 33 253 253 253 253 253 251 253 253 253 253 253 253 0 0 0 0 0 0 0 0 0 0 0 0 0 0 0 0 0 0 0 1024 0 0 0 3072 3072 2059 1035 3072 3072 3072 0 0 0 2081 0 1024 0 0 240 224 229 1024 0 0 0 0 0 0 0 0 0 0 0 0 240 224 228 0 0 0 0 0 3105 0 0 2081 0 0 1024 0 245 225 0 0 0 0 0 0 0 0 0 0 245 227 0 0 0 0 0 0 3105 0 0 0 0 0 0 0 0 0 0 0 0 0 0 0 0 0 
0 0 0 0 0 0 0 33 253 253 253 253 253 253 253 253 253 253 253 253 0 0 0 0 0 0 0 0 0 0 0 0 0 0 0 0 0 0 0 0 0 0 0 3072 3072 3072 2059 1035 3072 3072 0 0 0 2081 0 0 0 0 0 0 0 0 0 0 0 0 0 0 0 0 0 0 0 0 0 0 0 0 0 0 0 0 3105 0 0 2081 0 0 0 0 224 224 0 0 0 0 0 0 0 0 0 0 224 224 0 0 0 0 0 0 3105 0 0 0 0 0 0 0 0 0 0 0 0 0 0 0 0 0 
0 0 0 0 0 0 0 33 253 253 253 253 253 253 253 253 253 253 253 253 0 0 0 0 0 0 0 0 0 0 0 0 0 0 0 0 0 0 0 0 0 0 0 0 3072 3072 3072 2109 1053 3072 0 0 0 33 0 0 0 0 0 0 0 0 0 0 0 0 0 0 0 0 0 0 0 0 0 0 0 0 0 0 0 0 1057 0 0 33 0 0 0 0 0 0 0 0 0 0 0 0 0 0 0 0 0 0 0 0 0 0 0 0 1057 0 0 0 0 0 0 0 0 0 0 0 0 0 0 0 0 0 
0 0 0 0 0 0 0 33 253 253 253 253 253 253 253 253 253 253 253 253 0 0 0 0 0 0 0 0 0 0 0 0 0 2048 2048 2048 3072 3072 0 0 0 0 0 0 3072 3072 3072 2077 1085 3072 0 0 0 33 0 0 0 0 0 0 0 0 0 0 0 0 0 0 0 0 0 0 0 0 0 0 0 0 0 0 0 0 1057 0 0 33 0 0 0 0 0 0 0 0 0 0 0 0 0 0 0 0 0 0 0 0 1024 1024 1024 1024 1057 0 0 0 0 0 0 0 0 0 0 0 0 0 0 0 0 0 
0 0 0 0 0 0 0 33 253 253 253 253 253 253 253 253 253 253 253 253 0 0 0 0 0 0 0 0 0 0 0 0 0 0 0 0 0 0 0 0 0 0 0 0 3072 3072 3072 3072 2109 1053 0 0 0 2052 3 3 3 3 3 3 1027 3 1035 0 0 0 0 0 0 0 0 0 0 11 1027 3 3 1027 3 3 3 3 3076 0 0 2052 1027 5 3 3150 2048 2048 2048 2048 2048 2048 2048 2048 2048 2048 2048 2048 2048 2048 2048 2048 2126 1027 1029 3 3076 0 0 0 0 0 0 0 0 0 0 0 0 0 0 0 0 0 
0 0 0 0 0 0 0 33 253 253 253 253 253 253 253 253 253 253 253 253 0 0 0 0 0 0 0 0 0 0 0 0 0 0 0 0 0 0 0 3072 3072 3072 0 0 3072 0 3072 3072 2077 1085 3072 0 0 0 0 0 0 0 0 0 0 0 33 1024 1024 0 0 0 0 0 0 0 0 33 0 0 0 0 0 0 0 0 0 0 0 0 0 33 0 0 0 0 0 0 0 0 0 0 0 0 0 0 0 0 0 0 0 0 1057 1024 1024 0 0 0 0 0 0 0 0 0 0 0 0 0 0 0 0 0 
0 0 0 0 0 0 0 33 253 253 253 253 253 253 253 253 253 253 253 253 4 1027 3 1027 3 1027 3 1027 1027 3 1027 3 1027 3 1027 3 1027 1139 1138 3072 3072 3072 0 3072 3072 0 3072 3072 3072 2109 1053 0 0 0 0 0 0 0 0 0 0 0 33 1024 1024 0 0 0 0 0 0 0 0 33 0 0 0 0 0 0 0 0 0 0 0 0 0 33 0 0 0 0 0 0 0 0 0 0 0 0 0 0 0 0 0 0 0 0 1057 1024 1024 0 0 0 0 0 0 0 0 0 0 0 0 0 0 0 0 0 
0 0 0 0 0 0 0 2052 3 3 3 3 3 3 3 3 3 3 3 3 3076 0 0 0 0 0 0 0 0 0 0 0 0 0 0 0 0 2162 2163 1035 3072 3072 0 3072 3072 0 3072 3072 3072 2077 1085 0 0 0 0 0 0 0 0 0 11 3 3083 0 0 0 0 0 0 0 0 0 0 2059 3 1035 0 0 0 0 0 0 0 0 0 0 0 33 0 0 0 0 0 0 0 0 0 0 0 0 0 0 0 0 0 0 0 0 1057 1024 1024 0 0 0 0 0 0 0 0 0 0 0 0 0 0 0 0 0 
0 0 0 0 0 0 0 0 0 0 0 0 0 0 0 0 0 0 0 0 0 0 0 0 0 0 0 0 0 0 0 0 0 0 0 0 3072 3072 3072 2109 1053 0 0 3072 3072 0 3072 3072 3072 3072 2081 0 0 0 0 0 0 0 0 0 33 249 0 0 0 0 0 192 1216 0 0 0 0 1273 0 1057 0 0 0 0 0 0 0 0 0 0 0 33 0 0 0 0 0 0 0 0 0 0 0 0 0 0 0 0 0 0 0 0 1057 1024 1024 0 0 0 0 0 0 0 0 0 0 0 0 0 0 0 0 0 
0 0 0 0 0 0 0 0 0 0 0 0 0 0 0 0 0 0 0 0 0 0 0 0 0 0 0 0 0 0 0 0 0 240 227 224 3072 0 3072 2077 1085 0 0 3072 3072 0 3072 3072 3072 3072 2081 0 0 0 3072 3072 0 0 0 0 33 0 1024 0 0 0 0 1224 200 0 0 0 0 0 0 1057 0 0 0 0 0 0 0 0 0 0 0 33 0 0 0 0 0 0 0 0 0 0 0 0 0 0 0 0 0 0 0 0 1057 1024 1024 0 0 0 0 0 0 0 0 0 0 0 0 0 0 0 0 0 
0 0 0 0 0 0 0 0 0 0 0 0 0 0 0 0 0 0 0 0 0 0 0 0 0 0 0 0 0 0 0 0 0 0 0 0 3072 3072 0 0 2109 1053 3072 3072 0 0 3072 3072 3072 3072 2081 0 0 0 3072 3072 0 0 0 0 33 249 0 0 0 0 0 1224 200 0 0 0 0 1273 0 1057 0 0 0 0 0 0 0 0 0 0 0 33 0 0 0 0 0 0 0 0 0 0 0 0 0 0 0 0 0 0 0 0 1057 1024 1024 0 0 0 0 0 0 0 0 0 0 0 0 0 0 0 0 0 
0 0 0 0 0 0 0 0 0 0 0 0 0 0 0 0 0 0 0 0 0 0 0 0 0 0 0 0 0 0 0 2048 2048 2048 3072 3072 3072 3072 0 0 2077 1085 3072 3072 0 0 3072 3072 3072 3072 2081 0 0 0 0 3072 0 0 1024 0 33 0 1024 0 0 0 0 2240 3264 0 0 0 0 0 0 1057 0 0 0 0 0 0 0 4 1027 3 1027 3076 0 0 0 0 0 0 0 0 0 0 0 0 0 0 0 0 0 0 0 0 2052 3 1027 3 1028 0 0 0 0 0 0 0 0 0 0 0 0 0 0 0 
0 0 0 0 0 0 0 0 0 0 0 0 0 0 0 0 0 0 0 0 0 0 0 0 0 0 0 0 0 0 0 0 0 2048 2048 3072 3072 3072 0 0 0 3105 0 3072 3072 0 3072 3072 3072 3072 2081 0 0 0 0 0 0 0 1024 0 2059 3 1035 0 0 0 0 0 0 0 0 0 0 11 3 3083 0 0 0 0 0 0 0 33 246 226 0 0 0 0 0 0 0 0 0 0 0 0 0 0 0 0 0 0 0 0 0 0 247 230 0 0 33 0 0 0 0 0 0 0 0 0 0 0 0 0 0 0 
0 0 0 0 0 0 0 0 0 0 0 0 0 0 0 0 0 0 0 0 0 0 0 0 0 0 0 0 0 0 0 0 0 2048 2048 3072 3072 3072 0 0 0 3105 0 3072 3072 0 3072 3072 3072 3072 2081 0 0 0 0 0 0 0 1024 0 1024 0 33 0 0 0 0 0 0 0 0 0 0 33 0 0 0 0 0 0 0 0 0 33 0 0 0 0 0 0 0 0 0 1024 1024 1024 0 0 0 1024 0 1024 1024 0 0 0 0 0 0 0 0 0 33 0 0 0 0 0 0 0 0 0 0 0 0 0 0 0 
0 0 0 0 0 0 0 0 0 0 0 0 0 0 0 0 0 0 0 0 0 0 0 0 0 0 0 0 0 0 0 0 0 2048 3072 3072 3072 3072 240 227 225 3105 0 3072 3072 0 3072 3072 3072 3072 2081 0 0 0 0 0 1024 0 1024 0 1024 1024 33 1024 1024 0 0 0 0 0 0 0 0 33 1024 0 0 0 0 0 0 0 0 33 0 0 0 0 0 0 0 0 0 0 0 0 0 0 0 0 0 0 0 0 0 0 0 0 225 232 224 0 33 0 0 0 0 0 0 0 0 0 0 0 0 0 0 0 
0 0 0 0 0 0 0 0 0 0 0 0 0 0 0 0 0 0 0 0 0 0 0 0 0 0 0 0 0 0 0 0 0 2048 3072 3072 3072 3072 3072 3072 0 1057 0 3072 3072 0 3072 3072 3072 3072 2081 0 0 0 0 0 1024 0 1024 0 1024 1024 33 1024 1024 0 0 0 0 0 0 0 0 33 1024 0 0 0 0 0 0 0 0 33 0 0 0 0 0 0 0 0 0 0 0 0 0 0 0 0 0 0 0 0 0 0 0 0 0 0 0 0 33 0 0 0 0 0 0 0 0 0 0 0 0 0 0 0 
0 0 0 0 0 0 0 0 0 0 0 0 0 0 0 0 0 0 0 0 0 0 0 0 0 0 0 0 0 0 0 0 0 2048 3072 3072 3072 3072 3072 3072 0 1057 0 3072 3072 0 3072 3072 3072 3072 2081 0 0 0 0 0 1024 0 1024 0 1024 1024 33 1024 1024 0 0 0 0 0 0 0 0 33 1024 0 0 0 0 0 0 0 0 2052 1027 1027 3 1028 0 0 0 0 0 0 0 0 0 0 0 0 0 0 0 0 0 0 0 0 4 1027 3 3 3076 0 0 0 0 0 0 0 0 0 0 0 0 0 0 0 
0 0 0 0 0 0 1024 0 0 0 0 0 0 0 0 0 0 0 0 0 0 0 0 0 0 0 0 0 0 0 0 0 0 0 0 1024 1024 1024 1024 1024 29 3133 0 1024 1024 0 1024 1024 1024 1024 33 0 0 0 0 0 1024 0 1024 0 1024 1024 33 1024 1024 0 0 0 0 0 0 1024 0 33 0 0 0 0 0 0 0 0 0 0 0 0 0 33 0 0 0 0 0 0 0 0 0 0 0 0 0 0 0 0 0 0 0 0 33 0 0 0 0 0 0 0 0 0 0 0 0 0 0 0 0 0 0 0 
0 0 0 0 0 0 0 0 0 0 0 0 0 0 0 0 0 0 0 0 0 0 0 0 0 0 0 0 0 0 0 0 0 0 0 1024 1024 1024 1024 1024 61 3101 0 1024 1024 0 1024 1024 1024 1024 33 0 0 0 0 0 0 0 1024 0 1024 1024 33 1024 1024 0 0 0 0 0 0 1024 0 33 0 0 0 0 0 0 0 0 0 4 1027 3 1027 3083 2048 2048 2048 2048 2048 2048 2048 2048 2048 2048 2048 2048 2048 2048 2048 2048 2048 2048 2048 2048 2059 3 1027 3 1028 0 0 0 0 0 0 0 0 0 0 0 0 0 0 0 
0 0 0 0 0 0 0 0 0 0 0 0 0 0 0 0 0 0 0 0 0 0 0 0 0 0 0 0 0 0 0 0 0 0 1024 1024 1024 1024 1024 29 3133 1024 0 1024 1024 0 1024 1024 1024 29 3133 0 0 0 0 0 0 0 0 0 0 0 33 0 0 1024 0 0 0 0 0 1024 0 33 0 0 0 0 0 0 0 0 0 33 0 0 0 2048 2048 2048 2048 2048 2048 2048 2048 2048 2048 2048 2048 2048 2048 2048 2048 2048 2048 2048 2048 2048 2048 0 0 0 33 0 0 0 0 0 0 0 0 0 0 0 0 0 0 0 
0 0 0 0 0 0 0 0 0 0 0 0 0 0 0 0 0 0 0 0 0 0 0 0 0 0 0 0 0 0 0 0 0 0 1024 1024 1024 1024 1024 61 3101 1024 0 1024 1024 0 1024 1024 1024 61 3101 0 0 0 0 0 0 0 0 0 0 0 33 0 0 1024 0 0 0 0 0 1024 0 33 0 0 0 0 0 0 0 0 0 33 0 0 0 0 0 0 0 0 0 0 0 0 0 0 0 0 0 0 0 0 0 0 0 0 0 0 0 0 33 0 0 0 0 0 0 0 0 0 0 0 0 0 0 0 
0 0 0 0 0 0 0 0 0 0 0 0 0 0 0 0 0 0 0 0 0 0 0 0 0 0 0 0 0 4 2051 2051 2051 2051 1028 1024 1024 114 115 3083 1024 1024 0 1024 1024 0 1024 1024 29 3133 1024 0 0 0 0 0 0 0 0 0 1024 1024 33 0 1024 1024 0 0 0 0 0 0 0 33 0 0 0 0 0 0 0 0 0 33 0 0 0 0 0 0 0 0 0 0 0 0 0 0 0 0 0 0 0 0 0 0 0 0 0 0 0 0 33 0 0 0 0 0 0 0 0 0 0 0 0 0 0 0 
0 0 0 0 0 0 0 0 0 0 0 1024 0 1024 1024 1024 1024 1024 0 0 0 0 0 0 0 0 0 0 0 2081 2296 0 2296 1024 2081 114 115 3187 3186 1024 1024 1024 0 1024 1024 0 1024 1024 61 3101 1024 0 0 0 0 0 0 0 0 0 1024 1024 33 0 1024 1024 0 0 0 0 0 1024 0 33 0 0 0 0 0 0 0 0 0 33 0 0 0 0 0 0 0 0 0 0 0 0 0 0 0 0 0 0 0 0 0 0 0 0 0 0 0 0 33 0 0 0 0 0 0 0 0 0 0 0 0 0 0 0 
0 0 0 0 0 0 0 0 0 0 0 0 0 0 2048 2048 2048 2048 2048 2048 2048 2048 2048 2048 2048 114 115 3 1027 3083 1024 2048 3072 0 2059 3187 3186 1024 1024 1024 1024 1024 0 1024 1024 0 1024 29 3133 1024 1024 0 0 0 0 0 0 0 0 0 1024 1024 33 0 1024 1024 0 0 0 0 0 1024 0 33 0 0 0 0 0 0 0 0 0 33 0 0 0 0 0 0 0 0 0 0 0 0 0 0 0 0 0 0 0 0 0 0 0 0 0 0 0 0 33 0 0 0 0 0 0 0 0 0 0 0 0 0 0 0 
0 0 0 0 0 0 0 0 0 0 0 0 0 0 2048 2048 2048 2048 2048 2048 2048 2048 2048 114 115 3187 3186 0 2048 1024 1024 2048 3072 1024 0 1024 1024 1024 1024 1024 1024 1024 1024 1024 0 1024 1024 61 3101 1024 1024 0 0 0 0 0 0 0 0 0 1024 1024 33 1024 0 1024 0 0 0 0 0 1024 0 33 0 0 0 0 0 0 0 0 0 33 0 0 0 0 192 1216 0 0 0 0 240 224 230 0 240 224 231 0 0 0 0 0 192 1216 0 0 0 0 33 0 0 0 0 0 0 0 0 0 0 0 0 0 0 0 
0 0 0 0 0 0 0 0 0 0 0 0 0 0 2048 2048 2048 2048 2048 2048 2048 114 115 3187 3186 2048 2048 2048 1024 1024 0 0 0 0 0 1024 1024 1024 1024 1024 1024 1024 1024 1024 1024 1024 11 3083 1024 1024 1024 0 0 0 0 0 0 0 0 0 1024 1024 33 1024 0 1024 0 0 0 0 0 0 0 33 0 0 0 0 0 0 0 0 0 33 0 0 0 0 1224 200 0 0 0 0 0 0 0 0 0 0 0 0 0 0 0 0 1224 200 0 0 0 0 33 0 0 0 0 0 0 0 0 0 0 0 0 0 0 0 
0 0 0 0 0 0 0 0 0 0 0 0 0 0 2048 2048 2048 2048 2048 2048 11 3187 3186 2048 2048 2048 2048 2048 2048 0 0 0 0 0 0 0 0 0 0 0 0 1024 1024 1024 1024 11 3083 1024 1024 1024 0 0 0 0 0 0 0 0 0 0 0 0 33 0 0 0 0 0 0 0 0 1024 0 33 0 0 0 0 0 0 0 0 0 33 0 0 0 0 1224 200 0 0 0 0 0 0 0 0 0 0 0 0 0 0 0 0 1224 200 0 0 0 0 33 0 0 0 0 0 0 0 0 0 0 0 0 0 0 0 
0 0 0 0 0 0 0 0 0 0 0 0 0 0 2048 2048 2048 2048 2048 11 3083 2048 2048 2048 2048 2048 2048 2048 2048 2048 2048 3072 0 0 0 0 0 0 0 0 0 1024 1024 1024 11 3083 1024 1024 1024 1024 0 0 0 0 0 0 0 0 0 0 0 0 33 0 0 0 0 0 0 0 0 0 0 33 0 0 0 0 0 0 0 0 0 33 0 0 0 0 1224 200 0 0 0 0 0 0 0 0 0 0 0 0 0 0 0 0 1224 200 0 0 0 0 33 0 0 0 0 0 0 0 0 0 0 0 0 0 0 0 
0 0 0 0 0 0 0 0 0 0 0 0 0 0 2048 2048 2048 2048 11 3083 2048 2048 2048 2048 2048 2048 2048 2048 2048 2048 2048 2048 0 0 0 0 0 0 0 0 0 1024 114 115 3083 1024 1024 1024 1024 1024 0 0 0 0 0 0 0 0 0 0 0 0 33 0 0 0 0 0 0 0 0 0 0 33 0 0 0 0 0 0 0 0 0 33 0 0 0 0 1224 200 0 0 0 0 0 0 0 0 0 0 0 0 0 0 0 0 1224 200 0 0 0 0 33 0 0 0 0 0 0 0 0 0 0 0 0 0 0 0 
0 0 0 0 0 0 0 0 0 0 0 0 0 0 2048 2048 2048 11 3083 2048 2048 2048 2048 2048 2048 2048 2048 2048 2048 2048 2048 2048 3072 0 1024 1024 1024 1024 1024 1024 114 115 3187 3186 1024 1024 1024 1024 1024 1024 0 0 0 0 0 0 0 0 0 240 227 227 33 0 0 0 0 0 0 0 0 0 0 33 0 0 0 240 227 226 0 0 0 33 0 0 0 0 2240 3264 0 0 0 0 0 0 0 0 0 0 0 0 0 0 0 0 2240 3264 0 0 0 0 33 0 0 0 0 0 0 0 0 0 0 0 0 0 0 0 
0 0 0 0 0 0 0 0 0 0 0 0 0 0 2048 2048 29 3133 2048 2048 2048 2048 2048 2048 2048 2048 2048 2048 2048 2048 2048 2048 3072 0 1024 1024 1024 1024 114 115 3187 3186 1024 1024 1024 1024 1024 1024 1024 1024 0 0 0 0 0 0 0 0 0 0 0 0 33 0 0 0 0 0 0 0 0 0 0 33 0 0 0 0 0 0 0 0 0 33 0 0 0 0 0 0 0 0 0 0 0 0 0 0 0 0 0 0 0 0 0 0 0 0 0 0 0 0 33 0 0 0 0 0 0 0 0 0 0 0 0 0 0 0 
0 0 0 0 0 0 0 0 0 0 0 0 0 0 2048 2048 61 3101 2048 2048 2048 2048 2048 2048 2048 2048 2048 114 115 1027 1027 1027 3 3075 2051 2051 2051 2051 3187 3186 1024 1024 1024 1024 1024 1024 1024 1024 1024 1024 0 0 0 0 0 0 0 0 0 0 0 0 33 0 0 0 0 0 0 0 0 0 0 33 0 0 0 0 0 0 0 0 0 33 0 0 0 0 0 0 0 0 0 0 0 0 0 0 0 0 0 0 0 0 0 0 0 0 0 0 0 0 33 0 0 0 0 0 0 0 0 0 0 0 0 0 0 0 
0 0 0 0 0 0 0 0 0 0 0 0 0 0 2048 29 3133 2048 2048 2048 2048 2048 2048 2048 2048 114 115 3187 3186 0 0 2048 3072 0 0 0 0 0 0 0 0 0 0 0 0 0 0 0 0 0 0 0 0 0 0 0 0 0 0 0 0 0 33 0 0 0 0 0 0 0 0 0 0 33 0 0 0 0 0 0 0 0 0 33 0 0 0 0 0 0 0 0 0 0 0 0 0 0 0 0 0 0 0 0 0 0 0 0 0 0 0 0 33 0 0 0 0 0 0 0 0 0 0 0 0 0 0 0 
0 0 0 0 0 0 0 0 0 0 0 0 0 0 2048 61 3101 2048 2048 2048 2048 2048 2048 2048 11 3187 3186 2048 2048 0 0 0 0 3072 0 0 0 0 0 0 0 0 0 0 0 0 0 0 0 0 0 0 0 0 0 0 0 0 0 0 0 11 3083 1024 0 0 0 0 0 0 0 0 0 2059 1035 0 0 0 0 0 0 0 0 33 0 0 0 0 0 0 0 0 0 0 0 0 0 0 0 0 0 0 0 0 0 0 0 0 0 0 0 0 33 0 0 0 0 0 0 0 0 0 0 0 0 0 0 0 
0 0 0 0 0 0 0 0 0 0 0 0 0 0 29 3133 2048 2048 2048 2048 2048 2048 2048 29 3133 2048 2048 2048 2048 0 0 0 0 0 0 2048 2048 3072 3072 0 0 0 0 0 0 0 0 0 0 0 0 0 0 0 0 0 0 0 0 0 0 3105 0 0 0 0 0 0 0 0 0 0 0 0 2081 0 0 0 0 0 0 0 0 2052 1027 1027 3 1035 0 0 0 0 0 0 0 0 0 0 0 0 0 0 0 0 0 0 0 0 11 1027 3 3 3076 0 0 0 0 0 0 0 0 0 0 0 0 0 0 0 
0 0 0 0 0 0 0 0 0 0 0 0 0 0 61 3101 2048 2048 2048 2048 2048 2048 2048 61 3101 2048 2048 2048 2048 0 0 0 0 0 0 2048 2048 3072 3072 0 0 0 0 0 0 0 0 0 0 0 0 0 0 0 0 0 0 0 0 0 0 33 0 0 0 0 0 0 0 0 0 0 0 0 33 0 0 0 0 0 0 0 0 4 1027 3 1027 3076 0 0 0 0 0 0 0 0 0 0 0 0 0 0 0 0 0 0 0 0 2052 3 1027 3 1028 0 0 0 0 0 0 0 0 0 0 0 0 0 0 0 
0 0 0 0 0 0 0 0 0 0 0 0 0 0 3105 2048 2048 2048 2048 2048 2048 2048 29 3133 2048 2048 2048 2048 2048 0 0 0 0 0 0 2048 2048 3072 3072 0 0 0 0 0 0 0 0 0 0 0 0 0 0 0 0 0 0 0 4 1027 1027 3076 0 0 0 0 0 0 0 0 0 0 0 1024 2052 3 1027 1028 0 0 0 0 0 2081 247 226 0 0 0 0 0 0 0 0 0 0 0 0 0 0 0 0 0 0 0 0 0 0 246 230 0 0 3105 0 0 0 0 0 0 0 0 0 0 0 0 0 0 0 
0 0 0 0 0 0 0 0 0 0 0 0 0 0 3105 2048 2048 2048 2048 2048 2048 2048 61 3101 2048 2048 2048 2048 2048 0 0 0 0 0 0 0 2048 2048 2048 3072 0 0 0 0 0 0 0 0 0 0 0 0 0 0 0 0 0 0 2081 247 226 0 0 0 0 0 0 0 0 0 0 0 0 246 230 0 0 3105 0 0 0 0 0 2081 0 0 0 0 0 1024 0 1024 0 1024 0 1024 0 0 0 1024 0 0 0 0 0 0 0 1024 0 0 0 0 3105 0 0 0 0 0 0 0 0 0 0 0 0 0 0 0 
0 0 0 0 0 0 0 0 0 0 0 0 0 0 3105 2048 2048 2048 2048 2048 2048 2048 2081 0 0 0 240 227 226 0 0 0 0 0 0 0 2048 0 0 0 0 0 0 0 0 0 0 0 0 0 0 0 0 0 0 0 0 0 2081 0 0 0 0 1024 1024 1024 0 0 0 0 1024 1024 1024 0 0 0 0 3105 0 0 0 0 0 33 225 232 224 0 0 0 0 3072 3072 0 0 0 0 0 0 0 0 0 0 0 0 0 0 0 0 0 0 0 1057 0 0 0 0 0 0 0 0 0 0 0 0 0 0 0 
0 0 0 0 0 0 0 0 0 0 0 0 0 0 3105 2048 2048 2048 2048 2048 2048 2048 2081 0 0 0 0 2048 2048 0 0 0 0 0 0 0 2048 0 0 0 0 0 0 0 0 0 0 0 0 0 0 0 0 0 0 0 0 0 33 225 232 224 0 0 0 0 0 0 0 0 0 0 0 0 0 0 0 1057 0 0 0 0 0 33 0 0 0 0 0 0 0 3072 3072 0 0 0 0 0 0 0 0 0 0 0 0 0 0 0 0 0 0 0 1057 0 0 0 0 0 0 0 0 0 0 0 0 0 0 0 
0 0 0 0 0 0 0 0 0 0 0 0 0 0 3105 2048 2048 2048 2048 2048 2048 2048 2081 0 2048 2048 2048 2048 2048 0 0 0 0 0 0 0 2048 0 0 0 0 0 0 0 0 0 0 0 0 0 0 0 0 0 0 0 0 0 33 0 0 0 0 0 0 0 0 0 0 0 0 0 0 0 0 0 0 1057 0 0 0 0 0 2052 1027 1027 1027 3 3 3 3 1035 3072 0 0 0 0 0 0 0 0 0 0 0 11 1027 1027 3 3 3 3 3 3076 0 0 0 0 0 0 0 0 0 0 0 0 0 0 0 
0 0 0 0 0 0 0 0 0 0 0 0 0 0 3105 2048 2048 2048 2048 2048 2048 2048 2081 2048 2048 2048 2048 2048 2048 0 0 0 0 0 0 0 2048 3072 0 0 0 0 0 0 0 0 0 0 0 0 0 0 0 0 0 0 0 0 2052 1027 1027 1027 1028 0 0 0 0 0 0 0 0 0 0 4 1027 1027 3 3076 0 0 0 0 0 4 1027 1027 1027 3 3 3 3 3076 0 0 0 0 0 0 0 0 0 0 0 1024 2052 3 3 3 3 3 3 3 1028 0 0 0 0 0 0 0 0 0 0 0 0 0 0 0 
0 0 0 0 0 0 0 0 0 0 0 240 227 227 3105 2048 2048 2048 2048 2048 2048 2048 33 0 2048 2048 2048 2048 2048 0 0 0 0 0 0 0 2048 3072 0 0 0 0 0 0 0 0 0 0 0 0 0 0 0 0 0 0 0 0 0 0 0 0 3105 0 0 0 0 0 0 0 0 0 0 2081 0 0 0 0 0 0 0 0 0 2081 246 226 0 0 0 0 0 0 0 0 0 0 0 0 0 0 0 0 0 0 0 0 0 0 247 230 0 0 3105 0 0 0 0 0 0 0 0 0 0 0 0 0 0 0 
0 0 0 0 0 0 0 0 0 0 0 0 0 0 3105 2048 2048 2048 2048 2048 2048 2048 33 2048 2048 2048 2048 2048 2048 0 0 0 0 0 0 0 2048 3072 0 0 0 0 0 0 0 0 0 0 0 0 0 0 0 0 0 0 0 0 0 0 0 0 33 0 0 0 0 0 0 0 0 0 0 33 0 0 0 0 0 0 0 0 0 2081 0 0 0 0 0 0 1024 1024 1024 0 1024 0 1024 0 0 0 0 0 0 0 0 1024 0 0 0 0 0 0 3105 0 0 0 0 0 0 0 0 0 0 0 0 0 0 0 
0 0 0 0 0 0 0 0 0 0 0 0 0 0 1057 0 0 0 0 0 0 0 2109 1053 0 0 0 0 0 0 0 0 0 0 0 0 0 0 0 0 0 0 0 0 0 0 0 0 0 0 0 0 0 0 0 0 0 0 4 1027 1027 1027 3076 0 0 0 0 0 0 0 0 0 1024 2052 3 3 1027 1028 0 0 0 0 0 33 0 0 0 0 0 0 0 0 0 0 0 0 0 0 0 0 0 0 0 0 0 0 0 0 225 226 224 0 1057 0 0 0 0 0 0 0 0 0 0 0 0 0 0 0 
0 0 0 0 0 0 0 0 0 0 0 0 0 0 33 0 0 0 0 0 0 0 2077 1085 0 0 0 0 0 0 0 0 0 0 0 0 0 0 1024 1024 0 0 0 0 0 0 0 0 0 0 0 0 0 0 0 0 0 0 2081 246 226 0 0 0 0 0 0 0 0 0 0 0 0 247 230 0 0 3105 0 0 0 0 0 33 0 0 0 0 0 0 0 0 0 0 0 0 0 0 0 0 0 0 0 0 0 0 0 0 0 0 0 0 1057 0 0 0 0 0 0 0 0 0 0 0 0 0 0 0 
0 0 0 0 0 0 0 0 0 0 0 0 0 0 33 0 0 0 0 0 0 0 0 2109 1053 0 0 0 0 0 0 0 0 0 0 0 0 0 1024 1024 0 0 0 0 0 0 0 0 0 0 4 2051 2051 2051 2051 1028 0 0 2081 0 0 0 0 1024 1024 1024 0 0 0 0 1024 1024 1024 0 0 0 0 3105 0 0 0 0 0 2052 1027 1027 3 3 1027 3 1035 3072 0 0 0 0 0 0 0 0 0 0 0 0 0 11 3 3 1027 3 1027 3 3076 0 0 0 0 0 0 0 0 0 0 0 0 0 0 0 
0 0 0 0 0 0 0 0 0 0 0 0 0 0 2109 1053 0 0 0 0 0 0 0 2077 1085 0 0 0 0 0 0 0 0 0 0 0 0 0 1024 1024 0 0 0 0 0 0 0 0 0 0 2081 246 228 3072 3072 3105 0 0 33 0 0 0 0 0 0 0 0 0 0 0 0 0 0 225 232 224 0 1057 0 0 0 0 0 0 0 0 0 0 0 0 33 0 0 0 0 0 0 0 0 0 0 0 0 0 0 33 0 0 0 0 0 0 0 0 0 0 0 0 0 0 0 0 0 0 0 0 0 0 
0 0 0 0 0 0 0 0 0 0 0 0 0 0 2077 1085 0 0 0 0 0 0 0 0 2059 1139 1138 0 0 0 0 0 0 0 0 4 2051 2051 3075 3075 2051 2051 3 3 2051 2051 1028 0 0 0 2081 0 0 0 3072 3105 0 0 33 0 0 0 0 0 0 0 0 0 0 0 0 0 0 0 0 0 0 1057 0 0 0 0 0 0 0 0 0 0 0 0 33 0 0 0 0 0 0 0 0 0 0 0 0 0 0 33 0 0 0 0 0 0 0 0 0 0 0 0 0 0 0 0 0 0 0 0 0 0 
0 0 0 0 0 0 0 0 0 0 0 0 0 0 0 2109 1053 0 0 0 0 0 0 0 0 2162 2163 1139 1138 0 0 0 0 0 0 2081 2048 2048 3072 3072 2048 2048 0 0 3072 3072 3105 0 0 0 2081 0 0 0 3072 3105 0 0 2052 1027 1027 1027 1028 0 0 0 0 0 0 0 0 0 0 4 1027 1027 3 3076 0 0 0 0 0 0 0 0 0 0 0 0 33 0 0 0 0 0 0 0 0 0 0 0 0 0 0 33 0 0 0 0 0 0 0 0 0 0 0 0 0 0 0 0 0 0 0 0 0 0 
0 0 0 0 0 0 0 0 0 0 0 0 0 0 0 2077 1085 0 0 0 0 0 0 0 0 0 0 2162 2163 3 3 3075 3 3 3 3083 0 2048 2048 2048 2048 2048 2048 2048 3072 2048 2059 3 3 3 3076 0 0 0 3072 2052 3 3 3 3 3 3 3076 2048 0 0 0 0 0 0 0 0 0 33 0 0 0 0 0 0 0 0 0 0 0 0 0 0 0 0 33 0 0 0 0 0 192 196 196 1216 0 0 0 0 0 33 0 0 0 0 0 0 0 0 0 0 0 0 0 0 0 0 0 0 0 0 0 0 
0 0 0 0 0 0 0 0 0 0 0 0 0 0 0 0 2109 1053 0 0 0 0 0 0 0 0 0 0 0 0 0 0 0 0 0 0 0 0 0 0 0 0 0 0 0 0 0 0 0 0 0 2048 2048 3072 3072 1024 0 0 0 0 0 0 0 0 0 0 0 0 0 0 0 0 0 33 0 0 0 0 0 0 0 0 0 0 0 0 0 0 0 0 2109 1053 0 0 0 0 2240 2244 2244 3264 0 0 0 1024 29 3133 0 0 0 0 0 0 0 0 0 0 0 0 0 0 0 0 0 0 0 0 0 0 
0 0 0 0 0 0 0 0 0 0 0 0 0 0 0 0 2077 1085 0 0 0 0 0 0 0 0 0 0 0 0 0 0 0 0 0 0 1024 0 0 0 0 0 0 0 0 0 1024 0 0 0 0 0 0 0 0 1024 0 0 0 0 0 0 0 0 0 0 0 0 0 0 0 0 0 33 0 0 0 0 0 0 0 0 0 0 0 0 0 0 0 0 2077 1085 0 0 0 0 0 0 0 0 0 0 0 1024 61 3101 0 0 0 0 0 0 0 0 0 0 0 0 0 0 0 0 0 0 0 0 0 0 
0 0 0 0 0 0 0 0 0 0 0 0 0 0 0 0 0 2059 1035 0 0 0 0 0 0 0 0 0 0 0 0 0 0 0 0 0 1024 0 0 0 0 0 0 0 0 0 1024 0 0 0 0 0 0 0 0 0 0 0 0 0 0 0 0 0 0 0 0 0 0 0 0 0 0 33 0 0 0 0 0 0 0 0 0 0 0 0 0 0 0 0 0 2109 1053 0 0 0 0 0 0 0 0 0 0 29 3133 1024 0 0 0 0 0 0 0 0 0 0 0 0 0 0 0 0 0 0 0 0 0 0 
0 0 0 0 0 0 0 0 0 0 0 0 0 0 0 0 0 0 2059 1035 0 0 0 0 0 0 0 0 0 0 0 0 0 0 0 0 1024 0 0 0 192 1216 0 0 0 0 1024 0 0 0 0 0 0 0 0 1024 0 0 0 0 0 0 0 0 0 0 0 192 1216 0 0 0 0 33 0 0 0 0 0 0 0 0 0 0 0 0 0 0 0 0 0 2077 1085 0 0 0 0 0 0 0 0 0 0 61 3101 1024 0 0 0 0 0 0 0 0 0 0 0 0 0 0 0 0 0 0 0 0 0 0 
0 0 0 0 0 0 0 0 0 0 0 0 0 0 0 0 0 0 0 2059 1035 0 0 0 0 0 0 0 0 0 0 0 0 0 0 1024 1024 0 0 0 2240 3264 0 0 0 0 0 0 0 0 1024 0 0 0 0 0 0 0 0 0 0 0 0 0 0 0 0 2240 3264 0 0 0 0 33 0 0 0 0 0 0 0 0 0 0 0 4 3 3 3 3 3 3 3076 0 0 0 0 0 0 0 0 0 0 2052 3 3 3 3 3 3 1028 0 0 0 0 0 0 0 0 0 0 0 0 0 0 0 0 0 
0 0 0 0 0 0 0 0 0 0 0 0 0 0 0 0 0 0 0 0 2059 1139 1138 0 0 0 0 0 0 0 0 0 0 0 0 0 0 0 0 0 0 0 0 0 0 0 0 0 0 0 0 0 0 0 0 0 0 0 0 0 0 0 0 0 0 0 0 0 0 0 0 0 0 33 0 0 0 0 0 0 0 0 0 0 0 2081 0 0 0 1024 245 227 0 0 0 0 0 0 0 0 0 0 245 225 0 0 0 0 0 0 3105 0 0 0 0 0 0 0 0 0 0 0 0 0 0 0 0 0 
0 0 0 0 0 0 0 0 0 0 0 0 0 0 0 0 0 0 0 0 0 2162 2163 1139 1138 0 0 0 0 0 0 0 0 0 0 1024 1024 0 0 0 0 0 0 0 0 0 0 0 0 0 1024 0 0 0 0 0 0 0 0 0 0 0 0 0 0 0 0 0 0 0 0 0 0 33 0 0 0 0 0 0 0 0 0 0 0 2081 0 0 0 0 224 224 0 0 1024 0 0 0 0 0 0 0 224 224 0 0 0 0 0 0 3105 0 0 0 0 0 0 0 0 0 0 0 0 0 0 0 0 0 
0 0 0 0 0 0 0 0 0 0 0 0 0 0 0 0 0 0 0 0 0 0 0 2162 2163 1139 1138 0 0 0 0 0 0 0 0 0 0 0 0 0 0 0 0 0 0 0 0 0 0 0 1024 0 0 0 1024 0 0 0 0 0 0 0 0 0 0 0 0 1024 1024 0 0 1024 1024 1057 0 0 0 0 0 0 0 0 0 0 0 33 0 0 0 0 0 0 0 0 0 0 0 0 0 0 0 0 0 0 0 0 0 0 0 0 1057 0 0 0 0 0 0 0 0 0 0 0 0 0 0 0 0 0 
0 0 0 0 0 0 0 0 0 0 0 0 0 0 0 0 0 0 0 0 0 0 0 0 0 2162 2163 3075 3 3 3 3075 3 3 3075 1035 2048 0 0 0 0 0 0 0 1024 0 11 3 3 3 1028 247 224 1024 1024 4 3 3 3 3 3 3 1028 0 0 0 0 1024 1024 0 0 1024 1024 1057 0 0 0 0 0 0 0 0 0 0 0 33 0 0 0 0 0 0 0 0 0 0 0 0 0 0 0 0 0 0 0 0 0 0 0 0 1057 0 0 0 0 0 0 0 0 0 0 0 0 0 0 0 0 0 
0 0 0 0 0 0 0 0 0 0 0 0 0 0 0 0 0 0 0 0 0 0 0 0 0 0 0 0 0 0 0 0 0 0 0 33 0 0 1024 1024 0 0 0 0 1024 1024 1057 0 0 0 33 0 0 1024 1024 1057 0 0 0 0 0 0 2052 3 3 3 3 1027 1027 3 3 3 3 3076 0 0 0 0 0 0 0 0 0 0 0 2052 3 3 3 3 1027 3 1028 0 0 0 0 0 0 0 0 0 0 4 1027 3 3 3 3 3 3076 0 0 0 0 0 0 0 0 0 0 0 0 0 0 0 0 0 
0 0 0 0 0 0 0 0 0 0 0 0 0 0 0 0 0 0 0 0 0 0 0 0 0 0 0 0 0 0 0 0 0 0 0 2052 3 3 1027 1027 3 3 3 3 3 3 3076 0 0 0 33 225 226 224 1024 1057 0 0 0 0 0 0 0 0 0 0 0 0 0 0 0 0 0 0 0 0 0 0 0 0 0 0 0 0 0 4 3 3 3 3 1027 1027 3076 0 0 0 0 0 0 0 0 0 0 2052 3 1027 3 3 3 3 1028 0 0 0 0 0 0 0 0 0 0 0 0 0 0 0 0 0 
0 0 0 0 0 0 0 0 0 0 0 0 0 0 0 0 0 0 0 0 0 0 0 0 0 0 0 0 0 0 0 0 0 0 0 0 0 0 0 0 0 0 0 0 0 0 0 0 0 0 33 0 0 1024 1024 1057 0 0 0 0 0 0 0 0 0 0 0 0 0 0 0 0 0 0 0 0 0 0 0 0 0 0 0 0 0 2081 0 0 0 1024 245 227 0 0 0 0 0 0 0 0 0 0 245 225 0 0 0 0 0 0 3105 0 0 0 0 0 0 0 0 0 0 0 0 0 0 0 0 0 
0 0 0 0 0 0 0 0 0 0 0 0 0 0 0 0 0 0 0 0 0 0 0 0 0 0 0 0 0 0 0 0 0 0 0 0 0 0 0 0 0 0 0 0 0 0 0 0 0 0 2052 3 3 3 3 3076 0 0 0 0 0 0 0 0 0 0 0 0 0 0 0 0 0 0 0 0 0 0 0 0 0 0 0 0 0 2081 0 0 0 0 224 224 0 0 1024 0 0 0 0 0 0 0 224 224 0 0 0 0 0 0 3105 0 0 0 0 0 0 0 0 0 0 0 0 0 0 0 0 0 
0 0 0 0 0 0 0 0 0 0 0 0 0 0 0 0 0 0 0 0 0 0 0 0 0 0 0 0 0 0 0 0 0 0 0 0 0 0 0 0 0 0 0 0 0 0 0 0 0 0 0 0 0 0 0 0 0 0 0 0 0 0 0 0 0 0 0 0 0 0 0 0 0 0 0 0 0 0 0 0 0 0 0 0 0 33 0 0 0 0 0 0 0 0 0 0 0 0 0 0 0 0 0 0 0 0 0 0 0 0 1057 0 0 0 0 0 0 0 0 0 0 0 0 0 0 0 0 0 
0 0 0 0 0 0 0 0 0 0 0 0 0 0 0 0 0 0 0 0 0 0 0 0 0 0 0 0 0 0 0 0 0 0 0 0 0 0 0 0 0 0 0 0 0 0 0 0 0 0 0 0 0 0 0 0 0 0 0 0 0 0 0 0 0 0 0 0 0 0 0 0 0 0 0 0 0 0 0 0 0 0 0 0 0 33 0 0 0 0 0 0 0 0 0 0 0 0 0 0 0 0 0 0 0 0 0 0 0 0 1057 0 0 0 0 0 0 0 0 0 0 0 0 0 0 0 0 0 
0 0 0 0 0 0 0 0 0 0 0 0 0 0 0 0 0 0 0 0 0 0 0 0 0 0 0 0 0 0 0 0 0 0 0 0 0 0 0 0 0 0 0 0 0 0 0 0 0 0 0 0 0 0 0 0 0 0 0 0 1024 1024 1024 1024 0 0 0 0 0 0 0 0 0 0 0 0 0 0 0 0 0 0 0 0 0 2052 3 3 3 3 1027 1027 1028 0 0 0 0 0 0 0 0 0 0 4 1027 3 3 3 3 3 3076 0 0 0 0 0 0 0 0 0 0 0 0 0 0 0 0 0 
0 0 0 0 0 0 0 0 0 0 0 0 0 0 0 0 0 0 0 0 0 0 0 0 0 0 0 0 0 0 0 0 0 0 0 0 0 0 0 0 0 0 0 0 0 0 0 0 0 0 0 0 0 0 0 0 0 0 0 0 1024 1024 1024 1024 0 0 0 0 0 0 0 0 0 0 0 0 0 0 0 0 0 0 0 0 0 0 0 0 0 0 0 0 33 0 0 0 0 0 0 0 0 0 0 33 0 0 0 0 0 0 0 0 0 0 0 0 0 0 0 0 0 0 0 0 0 0 0 0 
0 0 0 0 0 0 0 0 0 0 0 0 0 0 0 0 0 0 0 0 0 0 0 0 0 0 0 0 0 0 0 0 0 0 0 0 0 0 0 0 0 0 0 0 0 0 0 0 0 0 0 0 0 0 0 0 0 0 0 0 1024 1024 1024 1024 0 0 0 0 0 0 0 0 0 0 0 0 0 0 0 0 0 0 0 0 0 0 0 0 0 0 0 0 33 0 0 0 0 0 0 0 0 0 0 33 0 0 0 0 0 0 0 0 0 0 0 0 0 0 0 0 0 0 0 0 0 0 0 0 
0 0 0 0 0 0 0 0 0 0 0 0 0 0 0 0 0 0 0 0 0 0 0 0 0 0 0 0 0 0 0 0 0 0 0 0 0 0 0 0 0 0 0 0 0 0 0 0 0 0 0 0 0 0 0 0 0 0 0 0 0 0 0 0 0 0 0 0 0 0 0 0 0 0 0 0 0 0 0 0 0 0 0 0 0 0 0 0 0 0 0 0 33 0 0 0 0 0 0 0 0 0 0 33 0 0 0 0 0 0 0 0 0 0 0 0 0 0 0 0 0 0 0 0 0 0 0 0 
0 0 0 0 0 0 0 0 0 0 0 0 0 0 0 0 0 0 0 0 0 0 0 0 0 0 0 0 0 0 0 0 0 0 0 0 0 0 0 0 0 0 0 0 0 0 0 0 0 0 0 0 0 0 0 0 0 0 0 0 0 0 0 0 0 0 0 0 0 0 0 0 0 0 0 0 0 0 0 0 0 0 0 0 0 0 0 0 0 0 0 0 33 0 0 0 0 192 1216 0 0 0 0 33 0 0 0 0 0 0 0 0 0 0 0 0 0 0 0 0 0 0 0 0 0 0 0 0 
0 0 0 0 0 0 0 0 0 0 0 0 0 0 0 0 0 0 0 0 0 0 0 0 0 0 0 0 0 0 0 0 0 0 0 0 0 0 0 0 0 0 0 0 0 0 0 0 0 0 0 0 0 0 0 0 0 0 0 0 0 0 0 0 0 0 0 0 0 0 0 0 0 0 0 0 0 0 0 0 0 0 0 0 0 0 0 0 0 0 0 0 33 0 0 0 0 2240 3264 0 0 0 0 33 0 0 0 0 0 0 0 0 0 0 0 0 0 0 0 0 0 0 0 0 0 0 0 0 
0 0 0 0 0 0 0 0 0 0 0 0 0 0 0 0 0 0 0 0 0 0 0 0 0 0 0 0 0 0 0 0 0 0 0 0 0 0 0 0 0 0 0 0 0 0 0 0 0 0 0 0 0 0 0 0 0 0 0 0 0 0 0 0 0 0 0 0 0 0 0 0 0 0 0 0 0 0 0 0 0 0 0 0 0 0 0 0 0 0 0 0 33 0 0 0 0 0 0 0 0 0 0 33 0 0 0 0 0 0 0 0 0 0 0 0 0 0 0 0 0 0 0 0 0 0 0 0 
0 0 0 0 0 0 0 0 0 0 0 0 0 0 0 0 0 0 0 0 0 0 0 0 0 0 0 0 0 0 0 0 0 0 0 0 0 0 0 0 0 0 0 0 0 0 0 0 0 0 0 0 0 0 0 0 0 0 0 0 0 0 0 0 0 0 0 0 0 0 0 0 0 0 0 0 0 0 0 0 0 0 0 0 0 0 0 0 0 0 0 0 33 0 0 0 0 0 0 0 0 0 0 33 0 0 0 0 0 0 0 0 0 0 0 0 0 0 0 0 0 0 0 0 0 0 0 0 
0 0 0 0 0 0 0 0 0 0 0 0 0 0 0 0 0 0 0 0 0 0 0 0 0 0 0 0 0 0 0 0 0 0 0 0 0 0 0 0 0 0 0 0 0 0 0 0 0 0 0 0 0 0 0 0 0 0 0 0 0 0 0 0 0 0 0 0 0 0 0 0 0 0 0 0 0 0 0 0 0 0 0 0 0 0 0 0 0 0 0 0 33 0 0 0 0 0 0 0 0 0 0 33 0 0 0 0 0 0 0 0 0 0 0 0 0 0 0 0 0 0 0 0 0 0 0 0 
0 0 0 0 0 0 0 0 0 0 0 0 0 0 0 0 0 0 0 0 0 0 0 0 0 0 0 0 0 0 0 0 0 0 0 0 0 0 0 0 0 0 0 0 0 0 0 0 0 0 0 0 0 0 0 0 0 0 0 0 0 0 0 0 0 0 0 0 0 0 0 0 0 0 0 0 0 0 0 0 0 0 0 0 0 4 3 3 3 3 1027 1027 3076 0 0 0 0 0 0 0 0 0 0 2052 3 1027 3 3 3 3 1028 0 0 0 0 0 0 0 0 0 0 0 0 0 0 0 0 0 
0 0 0 0 0 0 0 0 0 0 0 0 0 0 0 0 0 0 0 0 0 0 0 0 0 0 0 0 0 0 0 0 0 0 0 0 0 0 0 0 0 0 0 0 0 0 0 0 0 0 0 0 0 0 0 0 0 0 0 0 0 0 0 0 0 0 0 0 0 0 0 0 0 0 0 0 0 0 0 0 0 0 0 0 0 2081 0 0 0 1024 245 225 0 0 0 0 0 0 0 0 0 0 245 227 0 0 0 0 0 0 3105 0 0 0 0 0 0 0 0 0 0 0 0 0 0 0 0 0 
0 0 0 0 0 0 0 0 0 0 0 0 0 0 0 0 0 0 0 0 0 0 0 0 0 0 0 0 0 0 0 0 0 0 0 0 0 0 0 0 0 0 0 0 0 0 0 0 0 0 0 0 0 0 0 0 0 0 0 0 0 0 0 0 0 0 0 0 0 0 0 0 0 0 0 0 0 0 0 0 0 0 0 0 0 2081 0 0 0 0 224 224 0 0 1024 0 0 0 0 0 0 0 224 224 0 0 0 0 0 0 3105 0 0 0 0 0 0 0 0 0 0 0 0 0 0 0 0 0 
0 0 0 0 0 0 0 0 0 0 0 0 0 0 0 0 0 0 0 0 0 0 0 0 0 0 0 0 0 0 0 0 0 0 0 0 0 0 0 0 0 0 0 0 0 0 0 0 0 0 0 0 0 0 0 0 0 0 0 0 0 0 0 0 0 0 0 0 0 0 0 0 0 0 0 0 0 0 0 0 0 0 0 0 0 33 0 0 0 0 0 0 0 0 0 0 0 0 0 0 0 0 0 0 0 0 0 0 0 0 1057 0 0 0 0 0 0 0 0 0 0 0 0 0 0 0 0 0 
0 0 0 0 0 0 0 0 0 0 0 0 0 0 0 0 0 0 0 0 0 0 0 0 0 0 0 0 0 0 0 0 0 0 0 0 0 0 0 0 0 0 0 0 0 0 0 0 0 0 0 0 0 0 0 0 0 0 0 0 0 0 0 0 0 0 0 0 0 0 0 0 0 0 0 0 0 0 0 0 0 0 0 0 0 33 0 0 0 0 0 0 0 0 0 0 0 0 0 0 0 0 0 0 0 0 0 0 0 0 1057 0 0 0 0 0 0 0 0 0 0 0 0 0 0 0 0 0 
0 0 0 0 0 0 0 0 0 0 0 0 0 0 0 0 0 0 0 0 0 0 0 0 0 0 0 0 0 0 0 0 0 0 0 0 0 0 0 0 0 0 0 0 0 0 0 0 0 0 0 0 0 0 0 0 0 0 0 0 0 0 0 0 0 0 0 0 0 0 0 0 0 0 0 0 0 0 0 0 0 0 0 0 0 2052 3 3 3 3 1027 1027 1028 0 0 0 0 0 0 0 0 0 0 4 1027 3 3 3 3 3 3076 0 0 0 0 0 0 0 0 0 0 0 0 0 0 0 0 0 
0 0 0 0 0 0 0 0 0 0 0 0 0 0 0 0 0 0 0 0 0 0 0 0 0 0 0 0 0 0 0 0 0 0 0 0 0 0 0 0 0 0 0 0 0 0 0 0 0 0 0 0 0 0 0 0 0 0 0 0 0 0 0 0 0 0 0 0 0 0 0 0 0 0 0 0 0 0 0 0 0 0 0 0 0 4 3 3 3 3 1027 1027 3076 0 0 0 0 0 0 0 0 0 0 2052 3 1027 3 3 3 3 1028 0 0 0 0 0 0 0 0 0 0 0 0 0 0 0 0 0 
0 0 0 0 0 0 0 0 0 0 0 0 0 0 0 0 0 0 0 0 0 0 0 0 0 0 0 0 0 0 0 0 0 0 0 0 0 0 0 0 0 0 0 0 0 0 0 0 0 0 0 0 0 0 0 0 0 0 0 0 0 0 0 0 0 0 0 0 0 0 0 0 0 0 0 0 0 0 0 0 0 0 0 0 0 2081 0 0 0 1024 245 225 0 0 0 0 0 0 0 0 0 0 245 227 0 0 0 0 0 0 3105 0 0 0 0 0 0 0 0 0 0 0 0 0 0 0 0 0 
0 0 0 0 0 0 0 0 0 0 0 0 0 0 0 0 0 0 0 0 0 0 0 0 0 0 0 0 0 0 0 0 0 0 0 0 0 0 0 0 0 0 0 0 0 0 0 0 0 0 0 0 0 0 0 0 0 0 0 0 0 0 0 0 0 0 0 0 0 0 0 0 0 0 0 0 0 0 0 0 0 0 0 0 0 2081 0 0 0 0 224 224 0 0 1024 0 0 0 0 0 0 0 224 224 0 0 0 0 0 0 3105 0 0 0 0 0 0 0 0 0 0 0 0 0 0 0 0 0 
0 0 0 0 0 0 0 0 0 0 0 0 0 0 0 0 0 0 0 0 0 0 0 0 0 0 0 0 0 0 0 0 0 0 0 0 0 0 0 0 0 0 0 0 0 0 0 0 0 0 0 0 0 0 0 0 0 0 0 0 0 0 0 0 0 0 0 0 0 0 0 0 0 0 0 0 0 0 0 0 0 0 0 0 0 33 0 0 0 0 0 0 0 0 0 0 0 0 0 0 0 0 0 0 0 0 0 0 0 0 1057 0 0 0 0 0 0 0 0 0 0 0 0 0 0 0 0 0 
0 0 0 0 0 0 0 0 0 0 0 0 0 0 0 0 0 0 0 0 0 0 0 0 0 0 0 0 0 0 0 0 0 0 0 0 0 0 0 0 0 0 0 0 0 0 0 0 0 0 0 0 0 0 0 0 0 0 0 0 0 0 0 0 0 0 0 0 0 0 0 0 0 0 0 0 0 0 0 0 0 0 0 0 0 33 0 0 0 0 0 0 0 0 0 0 0 0 0 0 0 0 0 0 0 0 0 0 0 0 1057 0 0 0 0 0 0 0 0 0 0 0 0 0 0 0 0 0 
0 0 0 0 0 0 0 0 0 0 0 0 0 0 0 0 0 0 0 0 0 0 0 0 0 0 0 0 0 0 0 0 0 0 0 0 0 0 0 0 0 0 0 0 0 0 0 0 0 0 0 0 0 0 0 0 0 0 0 0 0 0 0 0 0 0 0 0 0 0 0 0 0 0 0 0 0 0 0 0 0 0 0 0 0 2052 3 5 1027 1027 1027 3 1028 0 0 0 2048 0 0 2048 2048 0 0 4 3 3 3 3 5 3 3076 0 0 0 0 0 0 0 0 0 0 0 0 0 0 0 0 0 
0 0 0 0 0 0 0 0 0 0 0 0 0 0 0 0 0 0 0 0 0 0 0 0 0 0 0 0 0 0 0 0 0 0 0 0 0 0 0 0 0 0 0 0 0 0 0 0 0 0 0 0 0 0 0 0 0 0 0 0 0 0 0 0 0 0 0 0 0 0 0 0 0 0 0 0 0 0 0 0 0 0 0 0 0 0 0 2081 240 228 226 1024 3105 0 0 0 0 0 0 0 0 0 0 2081 246 228 0 0 3105 0 0 0 0 0 11 1027 1027 1027 1027 1027 1027 1027 1027 3 3 1035 0 0 
0 0 0 0 0 0 0 0 0 0 0 0 0 0 0 0 0 0 0 0 0 0 0 0 0 0 0 0 0 0 0 0 0 0 0 0 0 0 0 0 0 0 0 0 0 0 0 0 0 0 0 0 0 0 0 0 0 0 0 0 0 0 0 0 0 0 0 0 0 0 0 0 0 0 0 0 0 0 0 0 0 0 0 0 0 0 0 1057 1024 1024 1024 1024 33 0 0 0 0 0 0 0 0 0 0 33 0 0 0 0 33 0 0 0 0 0 33 0 0 0 0 0 0 0 0 1024 1024 1057 0 0 
0 0 0 0 0 0 0 0 0 0 0 0 0 0 0 0 0 0 0 0 0 0 0 0 0 0 0 0 0 0 0 0 0 0 0 0 0 0 0 0 0 0 0 0 0 0 0 0 0 0 0 0 0 0 0 0 0 0 0 0 0 0 0 0 0 0 0 0 0 0 0 0 0 0 0 0 0 0 0 0 0 0 0 0 0 0 0 1057 0 0 0 0 3088 2048 2048 0 2048 0 0 2048 2048 2048 2048 2064 0 0 0 0 33 0 0 0 0 0 33 0 0 0 0 0 0 0 0 1024 1024 1057 0 0 
0 0 0 0 0 0 0 0 0 0 0 0 0 0 0 0 0 0 0 0 0 0 0 0 0 0 0 0 0 0 0 0 0 0 0 0 0 0 0 0 0 0 0 0 0 0 0 0 0 0 0 0 0 0 0 0 0 0 0 0 0 0 0 0 0 0 0 0 0 0 0 0 0 0 0 0 0 0 0 0 0 0 0 0 0 0 0 2081 1024 1024 1024 1024 0 0 0 0 0 0 0 0 0 0 0 0 0 0 0 0 2059 1027 3 1027 3 3 3083 1024 1024 1024 1024 1024 1024 1024 1024 0 0 33 0 0 
0 0 0 0 0 0 0 0 0 0 0 0 0 0 0 0 0 0 0 0 0 0 0 0 0 0 0 0 0 0 0 0 0 0 0 0 0 0 0 0 0 0 0 0 0 0 0 0 0 0 0 0 0 0 0 0 0 0 0 0 0 0 0 0 0 0 0 0 0 0 0 0 0 0 0 0 0 0 0 0 0 0 0 0 0 0 0 1057 0 0 0 1024 1024 0 1024 2048 0 192 1216 0 2048 0 0 0 0 0 0 0 1024 1024 1024 1024 1024 1024 0 0 0 0 1024 1024 1024 1024 1024 0 0 33 0 0 
0 0 0 0 0 0 0 0 0 0 0 0 0 0 0 0 0 0 0 0 0 0 0 0 0 0 0 0 0 0 0 0 0 0 0 0 0 0 0 0 0 0 0 0 0 0 0 0 0 0 0 0 0 0 0 0 0 0 0 0 0 0 0 0 0 0 0 0 0 0 0 0 0 0 0 0 0 0 0 0 0 0 0 0 0 0 0 1057 0 0 0 1024 1024 0 1024 0 0 1224 200 0 0 0 0 0 0 0 0 0 1024 1024 1024 1024 1024 1024 0 0 0 0 1024 1024 1024 1024 1024 0 0 33 0 0 
0 0 0 0 0 0 0 0 0 0 0 0 0 0 0 0 0 0 0 0 0 0 0 0 0 0 0 0 0 0 0 0 0 0 0 0 0 0 0 0 0 0 0 0 0 0 0 0 0 0 0 0 0 0 0 0 0 0 0 0 0 0 0 0 0 0 0 0 0 0 0 0 0 0 0 0 0 0 0 0 0 0 0 0 0 0 0 2081 1024 1024 1024 1024 1024 0 1024 0 0 1224 200 0 0 0 0 0 0 0 0 0 1024 1024 1024 1024 1024 1024 0 0 0 0 1024 1024 1024 1024 1024 0 0 33 0 0 
0 0 0 0 0 0 0 0 0 0 0 0 0 0 0 0 0 0 0 0 0 0 0 0 0 0 0 0 0 0 0 0 0 0 0 0 0 0 0 0 0 0 0 0 0 0 0 0 0 0 0 0 0 0 0 0 0 0 0 0 0 0 0 0 0 0 0 0 0 0 0 0 0 0 0 0 0 0 0 0 0 0 0 0 0 0 0 1057 0 0 0 0 0 0 0 0 0 2240 3264 0 0 0 0 0 0 0 0 0 1024 1024 1024 1024 1024 1024 0 0 0 0 0 0 0 0 0 1024 1024 1057 0 0 
0 0 0 0 0 0 0 0 0 0 0 0 0 0 0 0 0 0 0 0 0 0 0 0 0 0 0 0 0 0 0 0 0 0 0 0 0 0 0 0 0 0 0 0 0 0 0 0 0 0 0 0 0 0 0 0 0 0 0 0 0 0 0 0 0 0 0 0 0 0 0 0 0 0 0 0 0 0 0 0 0 0 0 0 0 0 0 2081 1024 1024 1024 1024 1024 0 1024 0 0 0 0 0 0 0 0 0 0 0 0 0 1024 1024 1024 1024 1024 1024 0 0 0 0 0 0 0 0 0 1024 1024 33 0 0 
0 0 0 0 0 0 0 0 0 0 0 0 0 0 0 0 0 0 0 0 0 0 0 0 0 0 0 0 0 0 0 0 0 0 0 0 0 0 0 0 0 0 0 0 0 0 0 0 0 0 0 0 0 0 0 0 0 0 0 0 0 0 0 0 0 0 0 0 0 0 0 0 0 0 0 0 0 0 0 0 0 0 0 0 0 0 0 1057 246 224 0 1024 1024 0 1024 0 0 0 0 0 0 0 0 0 240 228 224 0 11 1027 3 1027 3 3 1035 0 0 0 0 0 0 0 0 1024 1024 1057 0 0 
0 0 0 0 0 0 0 0 0 0 0 0 0 0 0 0 0 0 0 0 0 0 0 0 0 0 0 0 0 0 0 0 0 0 0 0 0 0 0 0 0 0 0 0 0 0 0 0 0 0 0 0 0 0 0 0 0 0 0 0 0 0 0 0 0 0 0 0 0 0 0 0 0 0 0 0 0 0 0 0 0 0 0 0 0 0 0 1057 1024 1024 1024 1024 1040 0 0 0 0 0 0 0 0 0 0 16 0 0 0 0 3105 0 0 0 0 0 33 0 0 0 0 0 0 0 0 1024 1024 1057 0 0 
0 0 0 0 0 0 0 0 0 0 0 0 0 0 0 0 0 0 0 0 0 0 0 0 0 0 0 0 0 0 0 0 0 0 0 0 0 0 0 0 0 0 0 0 0 0 0 0 0 0 0 0 0 0 0 0 0 0 0 0 0 0 0 0 0 0 0 0 0 0 0 0 0 0 0 0 0 0 0 0 0 0 0 0 0 0 0 3105 3072 3072 3072 3072 33 0 0 0 0 0 0 0 0 0 0 33 2048 2048 2048 2048 2081 0 0 0 2048 2048 2081 2048 2048 2048 2048 2048 2048 2048 2048 3072 3072 3105 0 0 
0 0 0 0 0 0 0 0 0 0 0 0 0 0 0 0 0 0 0 0 0 0 0 0 0 0 0 0 0 0 0 0 0 0 0 0 0 0 0 0 0 0 0 0 0 0 0 0 0 0 0 0 0 0 0 0 0 0 0 0 0 0 0 0 0 0 0 0 0 0 0 0 0 0 0 0 0 0 0 0 0 0 0 0 0 0 0 33 3072 3072 3072 3072 1057 0 0 0 0 0 0 0 0 0 0 33 2048 2048 2048 2048 1057 0 0 0 2048 2048 2059 3075 3075 3075 3075 3075 3075 3075 3075 2051 2051 3083 0 0 
0 0 0 0 0 0 0 0 0 0 0 0 0 0 0 0 0 0 0 0 0 0 0 0 0 0 0 0 0 0 0 0 0 0 0 0 0 0 0 0 0 0 0 0 0 0 0 0 0 0 0 0 0 0 0 0 0 0 0 0 0 0 0 0 0 0 0 0 0 0 0 0 0 0 0 0 0 0 0 0 0 0 0 0 0 4 3 2053 3075 3075 3075 3 3076 0 0 0 0 0 0 0 0 0 0 2052 3 2051 2051 2051 2053 3 1028 0 2048 2048 2048 2048 2048 2048 2048 2048 2048 2048 2048 2048 2048 0 0 0 
0 0 0 0 0 0 0 0 0 0 0 0 0 0 0 0 0 0 0 0 0 0 0 0 0 0 0 0 0 0 0 0 0 0 0 0 0 0 0 0 0 0 0 0 0 0 0 0 0 0 0 0 0 0 0 0 0 0 0 0 0 0 0 0 0 0 0 0 0 0 0 0 0 0 0 0 0 0 0 0 0 0 0 0 0 2081 0 0 0 0 240 225 224 0 0 0 0 0 0 0 0 0 240 224 233 0 0 0 0 0 3105 0 0 0 0 0 0 0 0 0 0 0 0 0 0 0 0 0 
0 0 0 0 0 0 0 0 0 0 0 0 0 0 0 0 0 0 0 0 0 0 0 0 0 0 0 0 0 0 0 0 0 0 0 0 0 0 0 0 0 0 0 0 0 0 0 0 0 0 0 0 0 0 0 0 0 0 0 0 0 0 0 0 0 0 0 0 0 0 0 0 0 0 0 0 0 0 0 0 0 0 0 0 0 2081 0 0 0 0 0 0 0 0 1024 0 0 0 0 0 0 0 0 0 0 0 0 0 0 0 3105 0 0 0 0 0 0 0 0 0 0 0 0 0 0 0 0 0 
0 0 0 0 0 0 0 0 0 0 0 0 0 0 0 0 0 0 0 0 0 0 0 0 0 0 0 0 0 0 0 0 0 0 0 0 0 0 0 0 0 0 0 0 0 0 0 0 0 0 0 0 0 0 0 0 0 0 0 0 0 0 0 0 0 0 0 0 0 0 0 0 0 0 0 0 0 0 0 0 0 0 0 0 0 33 0 0 0 0 0 0 0 0 0 0 0 0 0 0 0 0 0 0 0 0 0 0 0 0 1057 0 0 0 0 0 0 0 0 0 0 0 0 0 0 0 0 0 
0 0 0 0 0 0 0 0 0 0 0 0 0 0 0 0 0 0 0 0 0 0 0 0 0 0 0 0 0 0 0 0 0 0 0 0 0 0 0 0 0 0 0 0 0 0 0 0 0 0 0 0 0 0 0 0 0 0 0 0 0 0 0 0 0 0 0 0 0 0 0 0 0 0 0 0 0 0 0 0 0 0 0 0 0 33 0 0 0 0 0 0 0 0 0 0 0 0 0 0 0 0 0 0 0 0 0 0 0 0 1057 0 0 0 0 0 0 0 0 0 0 0 0 0 0 0 0 0 
0 0 0 0 0 0 0 0 0 0 0 0 0 0 0 0 0 0 0 0 0 0 0 0 0 0 0 0 0 0 0 0 0 0 0 0 0 0 0 0 0 0 0 0 0 0 0 0 0 0 0 0 0 0 0 0 0 0 0 0 0 0 0 0 0 0 0 0 0 0 0 0 0 0 0 0 0 0 0 0 0 0 0 0 0 2052 3 3 3 3 1027 1027 1028 0 0 0 0 0 0 0 0 0 0 4 1027 3 3 3 3 3 3076 0 0 0 0 0 0 0 0 0 0 0 0 0 0 0 0 0 
0 0 0 0 0 0 0 0 0 0 0 0 0 0 0 0 0 0 0 0 0 0 0 0 0 0 0 0 0 0 0 0 0 0 0 0 0 0 0 0 0 0 0 0 0 0 0 0 0 0 0 0 0 0 0 0 0 0 0 0 0 0 0 0 0 0 0 0 0 0 0 0 0 0 0 0 0 0 0 0 0 0 0 0 0 4 3 3 3 3 1027 1027 3076 0 0 0 0 0 0 0 0 0 0 2052 3 1027 3 3 3 3 1028 0 0 0 0 0 0 0 0 0 0 0 0 0 0 0 0 0 
0 0 0 0 0 0 0 0 0 0 0 0 0 0 0 0 0 0 0 0 0 0 0 0 0 0 0 0 0 0 0 0 0 0 0 0 0 0 0 0 0 0 0 0 0 0 0 0 0 0 0 0 0 0 0 0 0 0 0 0 0 0 0 0 0 0 0 0 0 0 0 0 0 0 0 0 0 0 0 0 0 0 0 0 0 2081 0 0 0 0 240 225 226 0 0 0 0 0 0 0 0 0 240 225 225 0 0 0 0 0 3105 0 0 0 0 0 0 0 0 0 0 0 0 0 0 0 0 0 
0 0 0 0 0 0 0 0 0 0 0 0 0 0 0 0 0 0 0 0 0 0 0 0 0 0 0 0 0 0 0 0 0 0 0 0 0 0 0 0 0 0 0 0 0 0 0 0 0 0 0 0 0 0 0 0 0 0 0 0 0 0 0 0 0 0 0 0 0 0 0 0 0 0 0 0 0 0 0 0 0 0 0 0 0 2081 0 0 0 0 0 0 0 0 0 0 0 0 0 0 0 0 0 0 0 0 0 0 0 0 3105 0 0 0 0 0 0 0 0 0 0 0 0 0 0 0 0 0 
0 0 0 0 0 0 0 0 0 0 0 0 0 0 0 0 0 0 0 0 0 0 0 0 0 0 0 0 0 0 0 0 0 0 0 0 0 0 0 0 0 0 0 0 0 0 0 0 0 0 0 0 0 0 0 0 0 0 0 0 0 0 0 0 0 0 0 0 0 0 0 0 0 0 0 0 0 0 0 0 0 0 0 0 0 33 0 0 0 0 0 0 0 0 0 0 0 0 0 0 0 0 0 0 0 0 0 0 0 0 1057 0 0 0 0 0 0 0 0 0 0 0 0 0 0 0 0 0 
0 0 0 0 0 0 0 0 0 0 0 0 0 0 0 0 0 0 0 0 0 0 0 0 0 0 0 0 0 0 0 0 0 0 0 0 0 0 0 0 0 0 0 0 0 0 0 0 0 0 0 0 0 0 0 0 0 0 0 0 0 0 0 0 0 0 0 0 0 0 0 0 0 0 0 0 0 0 0 0 0 0 0 0 0 33 0 0 0 0 0 0 0 0 0 0 0 0 0 0 0 0 0 0 0 0 0 0 0 0 1057 0 0 0 0 0 0 0 0 0 0 0 0 0 0 0 0 0 
0 0 0 0 0 0 0 0 0 0 0 0 0 0 0 0 0 0 0 0 0 0 0 0 0 0 0 0 0 0 0 0 0 0 0 0 0 0 0 0 0 0 0 0 0 0 0 0 0 0 0 0 0 0 0 0 0 0 0 0 0 0 0 0 0 0 0 0 0 0 0 0 0 0 0 0 0 0 0 0 0 0 0 0 0 2052 3 3 3 3 1027 1027 1028 0 0 0 0 0 0 0 0 0 0 4 1027 3 3 3 3 3 3076 0 0 0 0 0 0 0 0 0 0 0 0 0 0 0 0 0 
0 0 0 0 0 0 0 0 0 0 0 0 0 0 0 0 0 0 0 0 0 0 0 0 0 0 0 0 0 0 0 0 0 0 0 0 0 0 0 0 0 0 0 0 0 0 0 0 0 0 0 0 0 0 0 0 0 0 0 0 0 0 0 0 0 0 0 0 0 0 0 0 0 0 0 0 0 0 0 0 0 0 0 0 0 4 3 3 3 3 1027 1027 3076 0 0 0 0 0 0 0 0 0 0 2052 3 1027 3 3 3 3 1028 0 0 0 0 0 0 0 0 0 0 0 0 0 0 0 0 0 
0 0 0 0 0 0 0 0 0 0 0 0 0 0 0 0 0 0 0 0 0 0 0 0 0 0 0 0 0 0 0 0 0 0 0 0 0 0 0 0 0 0 0 0 0 0 0 0 0 0 0 0 0 0 0 0 0 0 0 0 0 0 0 0 0 0 0 0 0 0 0 0 0 0 0 0 0 0 0 0 0 0 0 0 0 2081 0 0 0 0 240 225 228 0 0 0 0 0 0 0 0 0 240 225 227 0 0 0 0 0 3105 0 0 0 0 0 0 0 0 0 0 0 0 0 0 0 0 0 
0 0 0 0 0 0 0 0 0 0 0 0 0 0 0 0 0 0 0 0 0 0 0 0 0 0 0 0 0 0 0 0 0 0 0 0 0 0 0 0 0 0 0 0 0 0 0 0 0 0 0 0 0 0 0 0 0 0 0 0 0 0 0 0 0 0 0 0 0 0 0 0 0 0 0 0 0 0 0 0 0 0 0 0 0 2081 0 0 0 0 0 0 0 0 0 0 0 0 0 0 0 0 0 0 0 0 0 0 0 0 3105 0 0 0 0 0 0 0 0 0 0 0 0 0 0 0 0 0 
0 0 0 0 0 0 0 0 0 0 0 0 0 0 0 0 0 0 0 0 0 0 0 0 0 0 0 0 0 0 0 0 0 0 0 0 0 0 0 0 0 0 0 0 0 0 0 0 0 0 0 0 0 0 0 0 0 0 0 0 0 0 0 0 0 0 0 0 0 0 0 0 0 0 0 0 0 0 0 0 0 0 0 0 0 33 0 0 0 0 0 0 0 0 0 0 0 0 0 0 0 0 0 0 0 0 0 0 0 0 1057 0 0 0 0 0 0 0 0 0 0 0 0 0 0 0 0 0 
0 0 0 0 0 0 0 0 0 0 0 0 0 0 0 0 0 0 0 0 0 0 0 0 0 0 0 0 0 0 0 0 0 0 0 0 0 0 0 0 0 0 0 0 0 0 0 0 0 0 0 0 0 0 0 0 0 0 0 0 0 0 0 0 0 0 0 0 0 0 0 0 0 0 0 0 0 0 0 0 0 0 0 0 0 33 0 0 0 0 0 0 0 0 0 0 0 0 0 0 0 0 0 0 0 0 0 0 0 0 1057 0 0 0 0 0 0 0 0 0 0 0 0 0 0 0 0 0 
0 0 0 0 0 0 0 0 0 0 0 0 0 0 0 0 0 0 0 0 0 0 0 0 0 0 0 0 0 0 0 0 0 0 0 0 0 0 0 0 0 0 0 0 0 0 0 0 0 0 0 0 0 0 0 0 0 0 0 0 0 0 0 0 0 0 0 0 0 0 0 0 0 0 0 0 0 0 0 0 0 0 0 0 0 2052 3 3 3 3 1027 1027 1028 0 0 0 0 0 0 0 0 0 0 4 1027 3 3 3 3 3 3076 0 0 0 0 0 0 0 0 0 0 0 0 0 0 0 0 0 
0 0 0 0 0 0 0 0 0 0 0 0 0 0 0 0 0 0 0 0 0 0 0 0 0 0 0 0 0 0 0 0 0 0 0 0 0 0 0 0 0 0 0 0 0 0 0 0 0 0 0 0 0 0 0 0 0 0 0 0 0 0 0 0 0 0 0 0 0 0 0 0 0 0 0 0 0 0 0 0 0 0 0 0 0 0 0 0 0 0 0 0 33 0 0 0 0 0 0 0 0 0 0 33 0 0 0 0 0 0 0 0 0 0 0 0 0 0 0 0 0 0 0 0 0 0 0 0 
0 0 0 0 0 0 0 0 0 0 0 0 0 0 0 0 0 0 0 0 0 0 0 0 0 0 0 0 0 0 0 0 0 0 0 0 0 0 0 0 0 0 0 0 0 0 0 0 0 0 0 0 0 0 0 0 0 0 0 0 0 0 0 0 0 0 0 0 0 0 0 0 0 0 0 0 0 0 0 0 0 0 0 0 0 0 0 0 0 0 0 0 33 0 0 0 0 0 0 0 0 0 0 33 0 0 0 0 0 0 0 0 0 0 0 0 0 0 0 0 0 0 0 0 0 0 0 0 
0 0 0 0 0 0 0 0 0 0 0 0 0 0 0 0 0 0 0 0 0 0 0 0 0 0 0 0 0 0 0 0 0 0 0 0 0 0 0 0 0 4 2051 3075 3075 3075 1028 0 0 0 0 0 0 0 0 0 0 0 0 0 0 0 0 0 0 0 0 0 0 0 0 0 0 0 0 0 0 0 0 0 0 0 0 0 0 0 0 0 0 0 0 0 1057 3072 0 0 0 0 0 3072 3072 3072 3072 2081 0 0 0 0 0 0 0 0 0 0 0 0 0 0 0 0 0 0 0 0 0 0 0 0 
0 0 0 0 0 0 0 0 0 0 0 0 0 0 0 0 0 0 0 0 0 0 0 0 0 0 0 0 0 0 0 0 0 0 0 0 0 0 0 0 0 2081 2048 0 0 3072 3105 4 2051 2051 2051 3075 1028 0 0 0 0 0 0 0 0 0 0 4 2051 2051 2051 2051 1028 4 2051 2051 2051 2051 1028 0 0 0 0 0 0 0 0 0 0 0 0 0 0 0 0 0 33 0 0 0 0 0 0 0 0 0 0 33 0 0 0 0 0 0 0 0 0 0 0 0 0 0 0 0 0 0 0 0 0 0 0 0 
2048 2048 2048 2048 2048 2048 2048 2048 2048 2048 2048 2048 2048 2048 2048 2048 2048 2048 2048 2048 2048 2048 2048 2048 2048 2048 2048 2048 2048 2048 2048 2048 2048 2048 2048 2048 2048 2048 2048 2048 2048 2081 2048 2048 3072 3072 3105 2081 2048 2048 3072 3072 3105 0 0 0 0 0 0 0 0 0 0 2081 2048 2048 3072 3072 3105 2081 2048 2048 3072 3072 3105 0 0 0 0 0 0 0 0 0 0 0 0 0 0 0 0 0 33 0 0 0 0 0 0 0 0 0 0 33 0 0 0 0 0 0 0 0 0 0 0 0 0 0 0 0 0 0 0 0 0 0 0 0 
2048 2048 2048 2048 2048 2048 2048 2048 2048 2048 2048 2048 2048 2048 2048 2048 2048 2048 2048 2048 2048 2048 2048 2048 2048 2048 2048 2048 0 0 0 0 0 0 0 0 0 0 0 0 0 3105 2048 2048 2048 2048 2081 3105 2048 2048 2048 2048 2081 0 0 0 0 0 0 0 0 0 0 3105 2048 2048 2048 2048 2081 3105 2048 2048 2048 2048 2081 0 0 0 0 0 0 0 0 0 0 0 0 0 0 0 0 3072 1057 3072 0 0 0 0 0 3072 3072 3072 3072 2081 0 0 0 0 0 0 0 0 0 0 0 0 0 0 0 0 0 0 0 0 0 0 0 0 
2048 2048 2048 2048 2048 2048 2048 2048 2048 2048 2048 2048 2048 2048 2048 2048 2048 2048 2048 2048 2048 2048 2048 2048 2048 2048 2048 2048 0 0 0 0 0 0 0 0 0 0 0 0 0 2081 2048 2048 3072 3072 3105 2081 2048 2048 3072 3072 3105 0 0 0 0 0 0 0 0 0 0 2081 2048 2048 3072 3072 3105 2081 2048 2048 3072 3072 3105 0 0 0 0 0 0 0 0 0 0 0 0 0 0 0 0 0 33 0 0 0 0 0 0 0 0 0 0 33 0 0 0 0 0 0 0 0 0 0 0 0 0 0 0 0 0 0 0 0 0 0 0 0 
2048 2048 2048 2048 2048 2048 2048 2048 2048 2048 2048 11 2051 2051 2051 2051 5 3 3 3 3 5 3075 2051 2051 2051 1035 3072 0 0 0 11 2051 2051 2051 2051 1035 0 0 0 0 3105 245 226 2048 2048 2081 3105 2048 2048 2048 2048 2081 0 0 0 0 0 0 0 0 0 0 3105 2048 2048 2048 2048 2081 3105 2048 2048 2048 2048 2081 0 0 0 0 0 0 3072 3072 0 0 0 0 0 0 0 0 0 33 0 0 0 0 0 0 0 0 0 0 33 0 0 0 0 0 0 0 0 0 0 0 0 0 0 0 0 0 0 0 0 0 0 0 0 
2048 2048 2048 2048 2048 2048 2048 2048 2048 2048 11 3083 2048 2048 2048 2048 2081 240 228 228 3072 3105 2048 2048 2048 2048 2059 1035 0 0 0 2081 2296 2048 2296 3072 3105 0 0 0 0 3105 230 224 0 0 2081 2081 245 224 3072 3072 3105 0 0 0 0 0 0 0 0 0 0 2081 245 224 3072 3072 3105 2081 245 224 3072 3072 3105 0 0 0 0 0 0 0 0 0 0 3072 3072 3072 3072 3072 3072 3072 1057 3072 0 0 0 0 0 3072 3072 3072 3072 2081 0 0 0 0 0 0 0 0 0 0 0 0 0 0 0 0 0 0 0 0 0 0 0 0 
2048 2048 2048 2048 2048 2048 2048 2048 2048 11 3083 2048 2048 2048 2048 2048 3105 2048 2048 2048 2048 2081 2048 2048 2048 2048 3072 2059 3 3 3 3083 0 2048 3072 2048 2059 3 3 3 3 3076 0 0 0 0 2081 3105 228 224 3072 3072 2081 0 0 11 2051 2051 2051 2051 1035 0 0 3105 226 224 2048 2048 2081 3105 224 224 2048 2048 2081 0 0 11 2051 2051 2051 2051 1035 0 0 1024 1024 1024 1024 1024 1024 29 3133 1024 0 0 0 0 0 1024 1024 1024 1024 33 0 0 0 0 0 0 0 0 0 0 0 0 0 0 0 0 0 0 0 0 0 0 0 0 
2048 2048 2048 2048 2048 2048 2048 2048 11 3083 2048 2048 2048 2048 2048 2048 2081 2048 2048 3072 3072 3105 2048 2048 2048 2048 2048 2048 235 235 235 235 235 235 235 235 235 235 235 235 0 0 1024 0 0 0 3105 2081 2048 2048 3072 3072 3105 0 0 2081 2296 2048 2296 3072 3105 0 0 2081 2048 2048 3072 2048 3105 2081 2048 2048 2048 2048 2081 0 0 2081 2296 2048 2296 3072 3105 0 0 0 1024 1024 1024 1024 1024 61 3101 1024 0 0 0 0 0 1024 1024 1024 1024 33 0 0 0 0 0 0 0 0 0 0 0 0 0 0 0 0 0 0 0 0 0 0 0 0 
2048 2048 2048 2048 2048 2048 2048 2048 2081 2048 2048 2048 2048 2048 2048 2048 2064 0 0 0 3072 3088 2048 2048 2048 2048 2048 2048 235 235 235 235 235 235 235 235 235 235 235 235 0 0 245 226 3072 3072 2052 3076 0 2048 3072 2048 2052 3 2051 3083 0 2048 3072 2048 2059 2051 3 3076 1024 0 3072 2048 2052 3076 2048 2048 3072 2048 2059 3 2051 3083 0 2048 3072 2048 2059 2051 3 1028 1024 1024 1024 1024 29 3133 1024 1024 0 0 0 0 0 1024 1024 1024 29 3133 0 0 0 0 0 0 0 0 0 0 0 0 0 0 0 0 0 0 0 0 0 0 0 0 
2048 2048 2048 2048 2048 2048 2048 2048 2081 2048 2048 2048 2048 2048 2048 2048 2048 3072 3072 3072 2048 2048 2048 2048 2048 2048 2048 2048 235 235 235 235 235 235 235 235 235 235 235 235 0 0 230 224 0 3072 0 1024 245 224 3072 0 0 0 1024 0 0 0 0 2048 0 0 0 1024 245 224 0 0 0 1024 245 224 3072 0 0 0 1024 0 0 0 0 2048 0 0 0 33 1024 1024 1024 1024 61 3101 1024 1024 0 0 0 0 0 1024 1024 1024 61 3101 0 0 0 0 0 0 0 0 0 0 0 0 0 0 0 0 0 0 0 0 0 0 0 0 
2048 2048 2048 2048 2048 2048 2048 2048 2081 2048 2048 2048 2048 2048 2048 2048 2048 2048 2048 2048 2048 2048 2048 2048 2048 2048 2048 2048 235 235 235 235 235 235 235 235 235 235 235 235 0 0 0 0 0 3072 0 1024 228 224 0 0 0 0 1024 0 0 0 0 0 0 0 0 1024 226 224 0 0 0 1024 224 224 3072 0 0 0 1024 0 0 0 0 0 0 0 0 33 1024 1024 114 115 3083 1024 1024 1024 0 0 0 0 0 1024 1024 29 3133 1024 0 0 0 0 0 0 0 0 0 0 0 0 0 0 0 0 0 0 0 0 0 0 0 0 
2048 2048 2048 2048 2048 2048 2048 2048 2081 2048 2048 3072 2048 2048 2048 2048 2048 2048 2048 2048 2048 2048 2048 2048 0 0 0 0 235 235 235 235 235 235 235 235 235 235 235 235 0 0 0 0 0 0 0 1024 0 0 0 0 0 0 1024 0 0 0 0 0 0 0 0 0 0 0 0 0 0 1024 0 0 0 0 0 0 1024 0 0 0 0 0 0 0 0 3105 114 115 3187 3186 1024 1024 1024 1024 0 0 0 0 0 1024 1024 61 3101 1024 0 0 0 0 0 0 0 0 0 0 0 0 0 0 0 0 0 0 0 0 0 0 0 0 
2048 2048 2048 2048 2048 2048 2048 2048 2081 2048 2048 3072 2048 2048 2048 2048 2048 0 0 0 0 0 2048 2048 0 0 0 0 235 235 235 235 235 235 235 235 235 235 235 235 0 0 0 0 0 0 0 1024 0 0 0 0 0 0 1024 0 0 0 0 0 0 0 0 0 0 0 0 0 0 1024 0 0 0 0 0 0 1024 0 0 0 0 0 0 0 0 2059 3187 3186 1024 1024 1024 0 0 0 0 0 0 0 0 1024 29 3133 1024 1024 0 0 0 0 0 0 0 0 0 0 0 0 0 0 0 0 0 0 0 0 0 0 0 0 
2048 2048 11 3075 3075 3075 3075 2051 3083 2048 2048 2048 2048 2048 2048 2048 2048 0 0 0 0 0 2048 2048 0 0 0 0 235 235 235 235 235 238 235 235 235 235 235 235 0 0 0 0 0 0 0 0 0 0 0 0 0 0 1024 0 0 0 0 0 0 0 0 0 0 0 0 0 0 0 0 0 0 0 0 0 0 0 0 0 0 0 0 0 0 1024 1024 1024 1024 1024 1024 0 0 0 0 0 0 1024 1024 1024 61 3101 1024 1024 0 0 0 0 0 0 0 0 0 0 0 0 0 0 0 0 0 0 0 0 0 0 0 0 
2048 2048 2081 2048 2048 2048 2048 2048 2048 2048 2048 0 0 0 2048 2048 2048 0 0 0 0 0 2048 2048 0 0 0 0 235 235 235 235 235 235 235 235 235 235 235 235 0 0 0 0 0 0 0 0 0 0 0 0 0 0 1024 0 0 192 1216 0 0 0 0 0 0 0 0 0 0 0 0 0 0 0 0 0 0 0 0 192 1216 0 0 0 0 1024 0 0 1024 1024 1024 0 0 0 0 1024 1024 1024 1024 11 3083 1024 1024 1024 0 0 0 0 0 0 0 0 0 0 0 0 0 0 0 0 0 0 0 0 0 0 0 0 
2048 2048 2081 2048 2048 2048 2048 2048 2048 2048 0 0 0 0 0 2048 2048 0 0 0 0 0 2048 2048 0 0 0 0 235 235 235 235 235 235 235 235 235 235 235 235 0 0 0 0 0 0 0 0 0 0 0 0 0 0 1024 0 0 1224 200 0 0 0 0 0 0 0 0 0 0 0 0 0 0 0 0 0 0 0 0 1224 200 0 0 0 0 1024 0 0 1024 1024 1024 1024 1024 1024 1024 1024 1024 1024 11 3083 1024 1024 1024 1024 0 0 0 0 0 0 0 0 0 0 0 0 0 0 0 0 0 0 0 0 0 0 0 0 
2048 2048 3105 2048 2048 2048 2048 2048 2048 2048 0 193 1217 0 0 2048 2048 0 0 0 0 0 2048 2048 0 0 0 0 235 235 235 235 235 235 235 235 235 235 235 235 0 0 0 0 0 0 0 0 0 0 0 0 0 0 1024 0 0 2240 3264 0 0 0 0 0 0 0 0 0 0 0 0 0 0 0 0 0 0 0 0 2240 3264 0 0 0 0 0 0 1024 1024 1024 1024 1024 1024 1024 1024 1024 1024 11 3083 1024 1024 1024 1024 1024 0 0 0 0 0 0 0 0 0 0 0 0 0 0 0 0 0 0 0 0 0 0 0 0 
2048 2048 2081 2048 2048 2048 2048 2048 2048 2048 2048 0 0 0 0 2048 2048 0 0 0 0 0 2048 2048 0 0 0 0 235 235 235 235 235 235 235 235 235 235 235 235 0 0 245 226 0 0 0 0 0 0 0 0 0 0 1024 0 0 0 0 0 0 0 0 0 0 0 0 0 0 1024 0 0 0 0 0 0 0 0 0 0 0 0 0 0 0 0 0 1024 1024 1024 1024 1024 1024 1024 1024 114 115 3083 1024 1024 1024 1024 1024 1024 0 0 0 0 0 0 0 0 0 0 0 0 0 0 0 0 0 0 0 0 0 0 0 0 
2048 2048 2081 2048 2048 2048 2048 2048 2048 2048 2048 0 0 0 2048 2048 2048 0 0 0 0 0 2048 2048 2048 2048 2048 2048 235 235 235 235 235 235 235 235 235 235 235 235 0 0 230 224 0 0 0 1024 245 224 1024 0 0 0 1024 0 0 0 0 0 0 0 0 0 245 224 1024 0 0 1024 245 224 0 0 0 0 0 0 0 0 0 0 0 0 0 0 0 1024 1024 1024 1024 1024 1024 114 115 3187 3186 1024 1024 1024 1024 1024 1024 1024 0 0 0 0 0 0 0 0 0 0 0 0 0 0 0 0 0 0 0 0 0 0 0 0 
2048 2048 2059 3075 3075 3075 3075 2051 1035 2048 2048 0 0 0 2048 2048 2048 0 0 0 0 0 2048 2048 2048 2048 2048 2048 235 235 235 235 235 235 235 235 235 235 235 235 0 0 0 0 0 0 0 1024 228 224 0 0 0 0 1024 0 0 0 0 0 0 0 0 1024 226 224 1024 0 0 1024 224 224 0 0 0 0 1024 0 0 0 0 0 0 0 0 1024 0 1024 1024 1024 1024 114 115 3187 3186 1024 1024 1024 1024 1024 1024 1024 1024 1024 0 0 0 0 0 0 0 0 0 0 0 0 0 0 0 0 0 0 0 0 0 0 0 0 
2048 2048 2048 2048 2048 2048 2048 2048 2081 2048 2048 2048 2048 2048 2048 2048 2048 0 0 0 0 0 2048 2048 2048 2048 2048 2048 235 235 235 235 235 235 235 235 235 235 235 235 0 1024 0 0 3072 0 0 1024 0 0 1024 0 0 0 1024 0 0 0 0 1024 0 0 0 0 0 0 0 0 0 0 0 0 1024 0 0 0 1024 0 0 0 0 1024 0 0 0 11 3075 2051 2051 2051 2051 3187 3186 1024 1024 1024 1024 1024 1024 1024 1024 1024 1024 1024 0 0 0 0 0 0 0 0 0 0 0 0 0 0 0 0 0 0 0 0 0 0 0 0 
2048 2048 2048 2048 2048 2048 2048 2048 2081 2048 2048 2048 2048 2048 2048 2048 2048 2048 2048 2048 2048 2048 2048 2048 2048 2048 2048 2048 235 235 235 235 235 235 235 235 235 235 235 235 0 1024 0 0 3072 0 0 1024 1024 0 1024 0 0 0 1024 0 0 0 0 0 1024 0 0 0 0 0 0 0 0 0 0 0 1024 0 0 0 1024 0 0 0 0 0 1024 0 0 33 0 0 0 0 0 0 0 0 0 0 0 0 0 0 0 0 0 0 0 0 0 0 0 0 0 0 0 0 0 0 0 0 0 0 0 0 0 0 0 0 0 0 
2048 2048 2048 2048 2048 2048 2048 2048 2081 2048 2048 2048 2048 2048 2048 2048 2048 2048 2048 2048 2048 2048 2048 2048 2048 2048 2048 11 3 3 3 1035 248 0 248 0 11 3 3 3 3 1028 0 0 3072 1024 4 1028 245 224 1024 1024 4 3 2051 1035 248 0 248 0 11 2051 3 1028 245 224 1024 1024 4 1028 245 224 0 1024 11 3 2051 1035 248 0 248 0 11 2051 3 3076 0 0 0 0 0 0 0 0 0 0 0 0 0 0 0 0 0 0 0 0 0 0 0 0 0 0 0 0 0 0 0 0 0 0 0 0 0 0 0 0 0 0 
2048 2048 2048 2048 2048 2048 2048 2048 2081 2048 2048 2048 2048 2048 2048 2048 2048 2048 2048 2048 2048 2048 2048 3072 3072 2048 2048 3105 0 0 0 33 0 0 0 1024 1057 0 0 0 0 1057 0 0 0 0 33 33 228 224 0 0 1057 0 0 33 0 0 0 1024 1057 0 0 33 226 224 1024 0 1057 33 224 224 0 0 33 0 0 33 0 0 0 1024 1057 0 0 0 0 0 0 0 0 0 0 0 0 0 0 0 0 0 0 0 0 0 0 0 0 0 0 0 0 0 0 0 0 0 0 0 0 0 0 0 0 0 0 0 0 0 
2048 2048 2048 2048 2048 2048 2048 2048 2081 2048 2048 2048 2048 2048 2048 2048 2048 2048 2048 2048 2048 2048 2048 3072 3072 2048 2048 3105 0 0 0 2059 3 3 3 3 3083 0 0 0 0 33 0 0 1024 1024 1057 33 0 0 1024 1024 1057 0 0 2059 3 3 3 3 3083 0 0 1057 0 0 0 0 33 1057 0 0 0 0 33 0 0 2059 3 3 3 3 3083 0 0 0 0 0 0 0 0 0 0 0 0 0 0 0 0 0 0 0 0 0 0 0 0 0 0 0 0 0 0 0 0 0 0 0 0 0 0 0 0 0 0 0 0 0 
2048 2048 2048 2048 2048 2048 2048 2048 2059 1035 0 2048 2048 2048 2048 2048 2048 3072 3072 3072 3072 2048 2048 3072 3072 3072 3072 3105 0 0 0 0 0 0 0 0 0 0 0 0 0 1057 0 0 0 0 33 1057 0 0 0 0 33 0 0 0 0 0 0 0 0 0 0 33 0 0 1024 1024 1057 33 0 0 1024 1024 1057 0 0 0 0 0 0 0 0 0 0 0 0 0 0 0 0 0 0 0 0 0 0 0 0 0 0 0 0 0 0 0 0 0 0 0 0 0 0 0 0 0 0 0 0 0 0 0 0 0 0 0 0 0 
2048 2048 2048 2048 2048 2048 2048 2048 0 2059 1035 2048 2048 2048 2048 2048 2048 2048 2048 2048 2048 2048 2048 3072 3072 3072 3072 3105 0 0 0 0 0 0 0 0 0 0 0 0 0 33 245 226 1024 1024 1057 33 0 0 1024 1024 1057 0 0 0 0 0 0 0 0 0 0 1057 0 0 0 0 33 1057 0 0 0 0 33 0 0 0 0 0 0 0 0 0 0 0 0 0 0 0 0 0 0 0 0 0 0 0 0 0 0 0 0 0 0 0 0 0 0 0 0 0 0 0 0 0 0 0 0 0 0 0 0 0 0 0 0 0 
2048 2048 2048 2048 2048 2048 2048 2048 2048 2048 2059 1035 0 0 0 2048 2048 2048 2048 2048 2048 2048 2048 1024 1024 1024 11 3083 3072 3072 2048 2048 2048 2048 2048 2048 2048 2048 2048 2048 2048 1057 230 224 0 0 33 1057 0 0 0 0 33 0 0 0 0 0 0 0 0 0 0 33 0 0 1024 1024 1057 33 0 0 1024 1024 1057 0 0 0 0 0 0 0 0 0 0 0 0 0 0 0 0 0 0 0 0 0 0 0 0 0 0 0 0 0 0 0 0 0 0 0 0 0 0 0 0 0 0 0 0 0 0 0 0 0 0 0 0 0 
2048 2048 2048 2048 2048 2048 2048 2048 2048 2048 0 2059 1035 0 0 2048 2048 2048 2048 2048 2048 2048 2048 1024 1024 11 3083 1024 3072 3072 2048 2048 2048 2048 2048 2048 2048 2048 2048 2048 2048 33 0 0 0 0 1057 1057 0 0 0 0 33 0 0 0 0 0 0 0 0 0 0 1057 0 0 0 0 33 1057 0 0 0 0 33 0 0 0 0 0 0 0 0 0 0 0 0 0 0 0 0 0 0 0 0 0 0 0 0 0 0 0 0 0 0 0 0 0 0 0 0 0 0 0 0 0 0 0 0 0 0 0 0 0 0 0 0 0 
2048 2048 2048 2048 2048 2048 2048 2048 2048 2048 0 0 2059 1035 0 2048 2048 2048 2048 2048 2048 2048 2048 1024 11 3083 1024 1024 3072 3072 2048 2048 2048 2048 2048 2048 2048 2048 2048 2048 2048 33 0 0 1024 1024 1057 1057 0 0 0 0 33 0 0 0 0 0 0 0 0 0 0 33 0 0 1024 1024 1057 33 0 0 1024 1024 1057 0 0 0 0 0 0 0 0 0 0 0 0 0 0 0 0 0 0 0 0 0 0 0 0 0 0 0 0 0 0 0 0 0 0 0 0 0 0 0 0 0 0 0 0 0 0 0 0 0 0 0 0 0 
2048 2048 2048 2048 2048 2048 2048 2048 2048 2048 0 0 0 2059 1035 2048 2048 2048 2048 2048 2048 2048 2048 11 3083 1024 1024 1024 3072 3072 2048 2048 2048 2048 2048 2048 2048 2048 2048 2048 2048 1057 0 0 0 0 33 2052 1027 1027 1027 1027 3076 0 0 0 0 0 0 0 0 0 0 2052 3 3 3 3 3076 2052 3 3 3 3 3076 0 0 0 0 0 0 0 0 0 0 0 0 0 0 0 0 0 0 0 0 0 0 0 0 0 0 0 0 0 0 0 0 0 0 0 0 0 0 0 0 0 0 0 0 0 0 0 0 0 0 0 0 0 
2048 2048 2048 2048 2048 2048 2048 2048 2048 2048 2048 2048 2048 2048 2081 2048 2048 2048 2048 2048 2048 2048 2048 2081 2048 2048 2048 2048 2048 2048 2048 2048 2048 2048 2048 2048 2048 2048 2048 2048 2048 33 0 0 1024 1024 1057 0 0 0 0 0 0 0 0 0 0 0 0 0 0 0 0 0 0 0 0 0 0 0 0 0 0 0 0 0 0 0 0 0 0 0 0 0 0 0 0 0 0 0 0 0 0 0 0 0 0 0 0 0 0 0 0 0 0 0 0 0 0 0 0 0 0 0 0 0 0 0 0 0 0 0 0 0 0 0 0 0 
2048 2048 2048 2048 2048 2048 2048 2048 2048 2048 2048 2048 2048 2048 3105 2048 2048 2048 2048 2048 2048 2048 2048 3105 2048 2048 2048 2048 2048 2048 2048 2048 2048 2048 2048 2048 2048 2048 2048 2048 2048 1057 0 0 0 0 33 0 0 0 0 0 0 0 0 0 0 0 0 0 0 0 0 0 0 0 0 0 0 0 0 0 0 0 0 0 0 0 0 0 0 0 0 0 0 0 0 0 0 0 0 0 0 0 0 0 0 0 0 0 0 0 0 0 0 0 0 0 0 0 0 0 0 0 0 0 0 0 0 0 0 0 0 0 0 0 0 0 
2048 2048 2048 2048 2048 2048 2048 2048 2048 2048 2048 2048 2048 2048 3105 2048 2048 2048 2048 2048 2048 2048 2048 3105 2048 2048 2048 2048 2048 2048 2048 2048 2048 2048 2048 2048 2048 2048 2048 2048 2048 1057 0 0 0 0 33 0 0 0 0 0 0 0 0 0 0 0 0 0 0 0 0 0 0 0 0 0 0 0 0 0 0 0 0 0 0 0 0 0 0 0 0 0 0 0 0 0 0 0 0 0 0 0 0 0 0 0 0 0 0 0 0 0 0 0 0 0 0 0 0 0 0 0 0 0 0 0 0 0 0 0 0 0 0 0 0 0 
2048 2048 2048 2048 2048 2048 2048 2048 2048 2048 2048 2048 2048 2048 3105 2048 2048 2048 2048 2048 2048 2048 2048 3105 2048 2048 2048 2048 2048 2048 2048 2048 2048 2048 2048 2048 2048 2048 2048 2048 2048 2052 1027 1027 1027 1027 3076 0 0 0 0 0 0 0 0 0 0 0 0 0 0 0 0 0 0 0 0 0 0 0 0 0 0 0 0 0 0 0 0 0 0 0 0 0 0 0 0 0 0 0 0 0 0 0 0 0 0 0 0 0 0 0 0 0 0 0 0 0 0 0 0 0 0 0 0 0 0 0 0 0 0 0 0 0 0 0 0 0 
2048 2048 2048 2048 2048 2048 2048 2048 2048 2048 2048 2048 2048 2048 3105 2048 2048 2048 2048 2048 2048 2048 2048 3105 2048 2048 2048 2048 2048 2048 2048 2048 2048 2048 2048 2048 2048 2048 2048 2048 2048 0 0 0 0 0 0 0 0 0 0 0 0 0 0 0 0 0 0 0 0 0 0 0 0 0 0 0 0 0 0 0 0 0 0 0 0 0 0 0 0 0 0 0 0 0 0 0 0 0 0 0 0 0 0 0 0 0 0 0 0 0 0 0 0 0 0 0 0 0 0 0 0 0 0 0 0 0 0 0 0 0 0 0 0 0 0 0 
2048 2048 2048 2048 2048 2048 2048 2048 2048 2048 2048 2048 2048 2048 3105 2048 2048 2048 2048 2048 2048 2048 2048 3105 2048 2048 2048 2048 2048 2048 2048 2048 2048 2048 2048 2048 2048 2048 2048 2048 2048 0 0 0 0 0 0 0 0 0 0 0 0 0 0 0 0 0 0 0 0 0 0 0 0 0 0 0 0 0 0 0 0 0 0 0 0 0 0 0 0 0 0 0 0 0 0 0 0 0 0 0 0 0 0 0 0 0 0 0 0 0 0 0 0 0 0 0 0 0 0 0 0 0 0 0 0 0 0 0 0 0 0 0 0 0 0 0 
2048 2048 2048 2048 2048 2048 2048 2048 2048 2048 2048 2048 2048 2048 2081 2048 2048 2048 2048 2048 2048 2048 2048 2081 2048 2048 2048 2048 2048 2048 2048 2048 2048 2048 2048 2048 2048 2048 2048 2048 2048 0 0 0 0 0 0 0 0 0 0 0 0 0 0 0 0 0 0 0 0 0 0 0 0 0 0 0 0 0 0 0 0 0 0 0 0 0 0 0 0 0 0 0 0 0 0 0 0 0 0 0 0 0 0 0 0 0 0 0 0 0 0 0 0 0 0 0 0 0 0 0 0 0 0 0 0 0 0 0 0 0 0 0 0 0 0 0 
2048 2048 2048 2048 2048 2048 2048 2048 2048 2048 2048 2048 2048 11 3083 2048 2048 2048 2048 2048 2048 2048 2048 2059 1035 3072 3072 3072 3072 3072 2048 2048 2048 2048 2048 2048 2048 2048 2048 2048 2048 0 0 0 0 0 0 0 0 0 0 0 0 0 0 0 0 0 0 0 0 0 0 0 0 0 0 0 0 0 0 0 0 0 4 2051 2051 2051 2051 1028 0 0 4 2051 2051 2051 2051 1028 0 0 4 2051 2051 2051 2051 1028 0 0 0 0 0 0 0 0 0 0 0 0 0 0 0 0 0 0 0 0 0 0 0 0 0 0 0 0 0 0 0 0 
2048 2048 2048 2048 2048 2048 2048 3072 2048 2048 11 3075 3075 3083 2048 2048 2048 2048 2048 2048 2048 2048 2048 3072 2059 2051 2051 1035 3072 3072 2048 2048 2048 2048 2048 2048 2048 2048 2048 2048 2048 0 0 0 0 0 0 0 0 0 0 0 0 0 0 0 0 0 0 0 0 0 0 0 0 0 0 0 0 0 0 0 0 0 2081 0 0 0 0 3105 0 0 2081 0 0 0 0 3105 0 0 2081 0 0 0 0 3105 0 0 0 0 0 0 0 0 0 0 0 0 0 0 0 0 0 0 0 0 0 0 0 0 0 0 0 0 0 0 0 0 
2048 2048 2048 2048 2048 2048 2048 3072 2048 11 3083 3072 3072 2048 2048 2048 2048 2048 2048 2048 2048 2048 2048 3072 3072 2048 2048 2059 1035 3072 2048 2048 2048 2048 2048 2048 2048 2048 2048 2048 2048 0 0 0 0 0 0 0 0 0 0 0 0 0 0 0 0 0 0 0 0 0 0 0 0 0 0 0 0 0 0 0 0 0 3105 0 0 0 0 2081 0 0 3105 0 0 0 0 2081 0 0 3105 0 0 0 0 2081 0 0 0 0 0 0 0 0 0 0 0 0 0 0 0 0 0 0 0 0 0 0 0 0 0 0 0 0 0 0 0 0 
2048 2048 2048 2048 2048 2048 2048 3072 11 3083 2048 3072 3072 2048 2048 2048 2048 2048 2048 2048 2048 2048 2048 3072 3072 2048 2048 3072 2059 1035 2048 2048 2048 2048 2048 2048 2048 2048 2048 2048 2048 0 0 0 0 0 0 0 0 0 0 0 0 0 0 0 0 0 0 0 0 0 0 0 0 0 0 0 0 0 0 0 0 0 2081 0 0 0 0 3105 0 0 2081 0 0 0 0 3105 0 0 2081 0 0 0 0 3105 0 0 0 0 0 0 0 0 0 0 0 0 0 0 0 0 0 0 0 0 0 0 0 0 0 0 0 0 0 0 0 0 
0 0 0 0 0 0 2048 11 3083 2048 2048 3072 3072 2048 2048 2048 2048 2048 2048 2048 2048 2048 2048 3072 3072 2048 2048 3072 3072 2059 1035 2048 2048 2048 2048 2048 2048 2048 2048 2048 2048 0 0 0 0 0 0 0 0 0 0 0 0 0 0 0 0 0 0 0 0 0 0 0 0 0 0 0 0 0 0 0 0 0 3105 0 0 0 0 2081 0 0 3105 0 0 0 0 2081 0 0 3105 0 0 0 0 2081 0 0 0 0 0 0 0 0 0 0 0 0 0 0 0 0 0 0 0 0 0 0 0 0 0 0 0 0 0 0 0 0 
0 0 0 0 0 0 2048 3105 3072 3072 0 0 0 0 0 2048 2048 2048 2048 2048 2048 2048 2048 0 0 0 0 0 2048 2048 2081 2048 2048 2048 2048 2048 2048 2048 2048 2048 2048 0 0 0 0 0 0 0 0 0 0 0 0 0 0 0 0 0 0 0 0 0 0 0 0 0 0 0 0 0 0 0 0 0 2081 245 226 0 0 3105 0 0 2081 245 226 0 0 3105 0 0 2081 245 226 0 0 3105 0 0 0 0 0 0 0 0 0 0 0 0 0 0 0 0 0 0 0 0 0 0 0 0 0 0 0 0 0 0 0 0 
0 0 0 0 0 0 2048 3105 3072 3072 3072 2048 0 0 2048 2048 2048 2048 2048 2048 2048 2048 2048 3072 3072 0 0 2048 2048 2048 2081 2048 2048 2048 2048 2048 2048 2048 2048 2048 2048 0 0 0 0 0 0 0 0 0 0 0 0 0 0 0 0 0 0 0 0 0 0 0 0 0 0 0 0 0 0 0 0 0 3105 226 232 224 0 2081 0 0 3105 229 224 224 0 2081 0 0 3105 226 232 224 0 2081 0 0 0 0 0 0 0 0 0 0 0 0 0 0 0 0 0 0 0 0 0 0 0 0 0 0 0 0 0 0 0 0 
0 0 0 0 0 0 2048 3105 3072 3072 3072 0 194 0 0 2048 2048 2048 2048 2048 2048 2048 2048 0 0 194 2048 2048 2048 2048 2081 2048 4 2051 2051 2051 2051 1028 2048 2048 4 2051 2051 2051 2051 1028 0 0 4 2051 2051 2051 2051 1028 0 0 4 2051 2051 2051 2051 1028 0 0 0 0 0 0 0 0 0 0 0 0 2081 0 0 0 0 3105 0 0 2081 0 0 0 0 3105 0 0 2081 0 0 0 0 3105 0 0 0 0 0 0 0 0 0 0 0 0 0 0 0 0 0 0 0 0 0 0 0 0 0 0 0 0 0 0 0 0 
0 0 0 0 0 0 2048 2081 2048 2048 2048 0 2242 0 0 2048 2048 2048 2048 2048 2048 2048 2048 0 0 2242 2048 3072 3072 3072 3105 2048 2081 2048 2048 2048 2048 3105 2048 2048 2081 0 0 0 0 3105 0 0 2081 0 0 0 0 3105 0 0 2081 0 0 0 0 3105 0 0 0 4 3 3 3 3 3 3 2051 2051 3076 0 0 0 0 2052 2051 2051 3076 0 0 0 0 2052 2051 2051 3076 0 0 0 0 2052 2051 2051 1028 0 0 0 0 0 0 0 0 0 0 0 0 0 0 0 0 0 0 0 0 0 0 0 0 0 0 0 0 0 
0 0 0 0 0 0 2048 2081 2048 2048 2048 0 0 0 0 2048 2048 2048 2048 2048 2048 2048 2048 3072 3072 2048 3072 3072 3072 3072 3105 2048 3105 2048 2048 2048 2048 2081 2048 2048 3105 0 0 0 0 2081 0 0 3105 0 0 0 0 2081 0 0 3105 0 0 0 0 2081 0 0 0 3105 0 0 0 0 0 0 0 0 0 245 226 0 0 0 0 0 0 245 226 0 0 0 0 0 0 245 226 0 0 0 0 0 3105 0 0 0 0 0 0 0 0 0 0 0 0 0 0 0 0 0 0 0 0 0 0 0 0 0 0 0 0 0 
0 0 0 0 0 0 2048 2081 2048 2048 2048 2048 2048 2048 2048 2048 2048 2048 2048 2048 2048 2048 2048 2048 0 0 0 3072 3072 3072 3105 2048 2081 2048 2048 2048 2048 3105 2048 2048 2081 0 0 0 0 3105 0 0 2081 0 0 0 0 3105 0 0 2081 0 0 0 0 3105 0 0 0 3105 0 0 0 0 0 0 0 0 0 226 232 224 0 0 0 0 0 229 224 224 0 0 0 0 0 226 232 224 0 0 0 0 3105 0 0 0 0 0 0 0 0 0 0 0 0 0 0 0 0 0 0 0 0 0 0 0 0 0 0 0 0 0 
0 0 0 0 0 0 2048 2081 2048 2048 2048 2048 2048 2048 2048 2048 16 246 224 0 1024 1040 2048 2048 3072 3072 3072 3072 3072 3072 3105 2048 3105 2048 2048 2048 2048 2081 2048 2048 3105 0 0 0 0 2081 0 0 3105 0 0 0 0 2081 0 0 3105 0 0 0 0 2081 0 0 0 3105 0 0 0 0 0 0 0 0 0 0 0 0 0 0 0 0 0 0 0 0 0 0 0 0 0 0 0 0 0 0 0 0 33 0 0 0 0 0 0 0 0 0 0 0 0 0 0 0 0 0 0 0 0 0 0 0 0 0 0 0 0 0 
0 0 0 0 0 0 2048 2081 2048 2048 2048 2048 2048 2048 2048 2048 33 2048 2048 2048 2048 1057 2048 2048 3072 3072 3072 3072 3072 3072 3105 2048 2081 245 224 2048 2048 3105 2048 2048 2081 245 224 0 0 3105 0 0 2081 245 224 0 0 3105 0 0 2081 245 224 0 0 3105 0 0 0 33 0 0 0 0 0 0 0 0 0 0 0 0 0 0 0 0 0 0 0 0 0 0 0 0 0 0 0 0 0 0 0 0 2081 0 0 0 0 0 0 0 0 0 0 0 0 0 1024 0 0 0 0 0 0 0 0 0 0 0 0 0 0 0 
0 0 0 0 0 0 2048 2081 2048 2048 2048 2048 2048 2048 2048 2048 1057 3072 3072 3072 3072 33 2048 2048 2048 2048 2048 1024 2048 3072 3105 2048 3105 224 224 2048 2048 2081 2048 2048 3105 226 228 0 0 2081 0 0 3105 228 232 0 0 2081 0 0 3105 231 226 0 0 2081 0 0 0 33 0 0 0 0 0 0 0 0 0 0 0 0 0 0 0 0 0 0 0 0 0 0 0 0 0 0 0 0 0 0 0 0 2059 1035 0 0 0 0 0 0 0 0 0 0 0 0 4 3075 3075 3075 3075 3075 3075 3075 3075 3075 3075 2051 1027 1028 0 0 
0 0 0 0 0 0 2048 2081 2048 2048 2048 2048 2048 2048 2048 2048 33 0 0 0 3072 1057 2048 2048 2048 2048 2048 2048 2048 2048 2081 2048 2081 2048 2048 2048 2048 3105 2048 2048 2081 0 0 0 0 3105 0 0 2081 0 0 0 0 3105 0 0 2081 0 0 0 0 3105 0 0 0 33 0 0 0 0 0 0 0 0 0 0 0 0 0 0 0 0 0 0 0 0 0 0 0 0 0 0 0 0 0 0 0 0 0 2059 1027 1027 1027 1027 1027 1027 3075 3075 3075 3075 3075 3075 3076 254 254 254 254 254 254 254 254 254 254 254 254 1057 0 0 
0 0 0 0 0 0 2048 2081 2048 2048 2048 2048 2048 2048 2048 2048 2059 3 3 3 3 3083 2048 2048 2048 2048 2048 2048 2048 2048 2059 1027 3076 2048 2048 2048 2048 2052 2051 2051 3076 0 0 0 0 2052 2051 2051 3076 0 0 0 0 2052 2051 2051 3076 0 0 0 0 2052 2051 2051 3 3083 0 0 0 0 0 0 0 0 0 0 0 0 0 0 0 0 0 0 0 0 0 0 0 0 0 0 0 0 0 0 0 0 0 0 0 0 0 0 0 0 0 0 0 0 0 0 1024 254 254 254 254 254 254 254 254 254 254 254 254 1057 0 0 
0 0 0 0 0 0 2048 2081 2048 2048 2048 2048 2048 2048 2048 2048 2048 2048 2048 2048 2048 2048 2048 2048 2048 2048 2048 2048 2048 2048 2048 2048 2048 245 224 2048 2048 2048 2048 2048 2048 245 224 0 0 0 0 0 0 245 224 0 0 0 0 0 0 245 224 0 0 0 0 0 0 0 0 0 0 0 0 0 0 0 0 0 0 0 0 0 0 0 0 0 0 0 0 0 0 0 0 0 0 0 0 0 0 0 0 0 0 0 0 0 0 0 0 0 0 0 0 0 1024 254 254 254 254 254 254 254 254 254 254 254 254 3105 0 0 
0 0 0 0 0 0 2048 33 2048 2048 2048 0 0 2048 2048 2048 2048 2048 2048 2048 2048 2048 2048 2048 2048 2048 1024 1024 2048 2048 2048 2048 2048 224 224 2048 2048 2048 2048 2048 2048 226 228 0 0 0 0 0 0 228 232 0 0 0 0 0 0 231 226 0 0 0 0 0 0 0 0 0 0 0 0 0 0 0 0 0 0 0 0 0 0 0 0 0 0 0 0 0 0 0 0 0 0 0 0 0 0 0 0 0 0 0 0 0 0 0 0 0 0 0 0 0 1024 254 254 254 254 254 254 254 254 254 254 254 254 3105 0 0 
0 0 0 0 0 0 2048 33 2048 2048 2048 2048 0 2048 2048 2048 2048 2048 2048 2048 2048 2048 2048 2048 2048 2048 2048 2048 2048 2048 2048 2048 2048 2048 2048 2048 2048 2048 2048 2048 2048 0 0 0 0 0 0 0 0 0 0 0 0 0 0 0 0 0 0 0 0 0 0 0 0 0 0 0 0 0 0 0 0 0 0 0 0 0 240 225 229 0 0 0 0 0 0 0 0 0 240 225 230 0 0 0 0 0 0 0 0 0 0 0 0 0 0 0 0 0 0 0 1024 254 254 254 254 254 254 254 254 254 254 254 254 3105 0 0 
0 0 0 0 0 0 2048 2081 2048 2048 2048 2048 0 2048 0 2048 2048 2048 2048 2048 2048 2048 2048 2048 2048 2048 2048 2048 2048 2048 2048 2048 2048 2048 2048 2048 2048 2048 2048 2048 2048 0 0 0 0 0 0 0 0 0 0 0 0 0 0 0 0 0 0 0 0 0 0 0 0 0 0 0 192 1216 0 0 0 0 0 0 0 0 0 0 0 0 0 0 0 0 0 0 0 0 0 0 0 0 0 0 0 0 0 0 0 0 0 0 0 0 0 0 0 0 0 0 0 254 254 254 254 254 255 254 254 254 254 254 254 3105 0 0 
0 0 0 0 0 0 2048 2081 3072 3072 2048 2048 0 2048 0 2241 2250 2250 2250 2250 2250 2250 2250 2250 3265 2048 2048 2048 2048 2048 2048 2048 2048 2048 2048 2048 2048 2048 2048 2048 2048 0 0 0 0 0 0 0 0 0 0 0 0 0 0 0 0 0 0 0 0 0 0 0 0 0 0 0 1224 200 0 0 0 0 0 0 0 0 0 0 0 0 0 0 0 0 0 0 0 0 0 0 0 0 0 0 0 0 0 0 0 0 0 0 0 0 0 0 0 0 0 0 0 254 254 254 254 254 254 254 254 254 254 254 254 3105 0 0 
0 0 0 0 0 0 2048 2059 1035 3072 3072 2048 0 2048 0 2048 2048 2048 2048 2048 2048 2048 2048 2048 2048 2048 2048 2048 2048 2048 2048 2048 2048 2048 2048 2048 2048 245 226 2048 2048 0 0 0 0 245 226 0 0 0 0 0 0 245 226 0 0 0 0 0 0 0 0 0 0 0 0 0 2240 3264 0 0 0 0 0 0 0 0 0 0 0 0 0 0 0 0 0 0 0 0 0 0 0 0 0 0 0 0 0 0 0 0 0 0 0 0 0 0 0 0 0 0 0 254 254 254 254 254 254 254 254 254 254 254 254 3105 0 0 
0 0 0 0 0 0 3072 3072 2059 1035 3072 2048 0 2048 2048 2048 2048 2048 2048 2048 2048 2048 2048 2048 2048 2048 2048 2048 2048 2048 2048 2048 2048 2048 2048 2048 2048 225 226 2048 2048 0 0 0 0 227 230 0 0 0 0 0 0 230 224 0 0 0 0 0 0 0 0 0 0 0 0 0 0 0 0 0 0 0 0 0 0 0 0 0 0 0 0 0 0 0 0 0 0 0 0 0 0 0 0 0 0 0 0 0 0 0 0 0 0 0 0 0 0 0 0 0 1024 254 254 254 254 254 254 254 254 254 254 254 254 3105 0 0 
2048 2048 2048 2048 2048 2048 2048 0 3072 2059 1035 3072 2048 2048 2048 2048 2048 2048 2048 2048 2048 1024 0 1024 1024 1024 1024 1024 2048 2048 2048 2048 2048 2048 2048 2048 2048 2048 2048 2048 2048 0 0 0 0 0 0 0 0 0 0 0 0 0 0 0 0 0 0 0 0 0 0 0 0 0 0 0 0 0 0 0 0 0 0 0 0 0 0 0 0 0 0 0 0 0 0 0 0 0 0 0 0 0 0 0 0 0 0 0 0 0 0 0 0 0 0 0 0 0 0 0 1024 254 254 254 254 254 254 254 254 254 254 254 254 3105 0 0 
2048 2048 2048 2048 2048 2048 2048 2048 0 3072 2059 1035 2048 2048 2048 3072 3072 2048 2048 2048 2048 2048 2048 2048 2048 2048 2048 1024 2048 2048 2048 2048 2048 2048 2048 2048 2048 2048 2048 2048 2048 0 0 0 0 0 0 0 0 0 0 0 0 0 0 0 0 0 0 0 0 0 0 0 0 0 0 0 0 0 0 0 0 0 0 0 0 0 0 0 0 0 0 0 0 0 0 0 0 0 0 0 0 0 0 0 0 0 0 0 0 0 0 0 0 0 0 0 0 0 0 0 1024 254 254 254 254 254 254 254 254 254 254 254 254 3105 0 0 
2048 2048 2048 2048 2048 2048 2048 1024 0 3072 3072 2059 2051 2051 2051 3075 3075 2051 2051 2051 1035 248 0 248 3072 248 2048 11 3 3 3 3 3 3 3 3 1028 245 226 2048 2048 4 3 3 1028 245 226 0 0 4 3 3 1028 245 226 0 0 4 3 3 3 3 3 3 3 1035 0 0 0 0 0 0 0 0 0 0 0 0 0 0 0 0 0 0 0 0 0 0 0 0 0 0 0 0 0 0 0 0 0 11 1027 1027 1027 1027 1027 1027 1027 1027 1027 1027 1027 1027 1028 254 254 254 254 254 254 254 254 254 254 254 254 3105 0 0 
2048 2048 2048 2048 2048 2048 2048 2048 2048 2048 2048 2048 2048 2048 3072 3072 3072 2048 2048 2048 33 0 0 0 0 0 0 33 2048 2048 0 0 0 0 0 2048 33 225 226 2048 2048 1057 0 0 33 227 230 0 0 1057 0 0 33 230 224 0 0 1057 0 0 0 0 0 0 0 1057 0 0 0 0 0 0 0 0 0 0 0 0 0 0 0 0 0 0 0 0 0 0 0 0 0 0 0 0 0 0 0 0 11 3083 0 0 0 0 0 0 0 0 0 0 0 0 2052 3075 3075 3075 3075 3075 3075 3075 3075 3075 3075 3075 3075 3076 0 0 
2048 2048 2048 2048 2048 2048 2048 2048 2048 2048 2048 2048 2048 2048 3072 3072 3072 2048 2048 2048 2059 1027 2051 2051 2051 2051 3 3083 2048 2048 2048 2048 2048 2048 2048 2048 1057 2048 2048 2048 2048 33 0 0 1057 0 0 0 0 33 0 0 1057 0 0 0 0 33 0 0 0 0 0 0 0 1057 0 0 0 0 0 0 0 0 0 245 224 0 0 0 0 0 0 245 224 0 0 0 0 0 0 245 224 0 0 0 0 0 33 0 0 0 0 0 0 0 0 0 0 0 0 0 1024 0 0 0 0 0 0 0 0 0 0 0 0 0 0 0 
2048 2048 2048 2048 2048 2048 2048 2048 2048 2048 2048 2048 2048 2048 2048 2048 2048 2048 2048 2048 2048 2048 2048 2048 2048 2048 2048 2048 2048 2048 2048 2048 2048 2048 2048 2048 33 2048 2048 2048 2048 1057 0 0 33 0 0 0 0 1057 0 0 33 0 0 0 0 1057 0 0 0 0 0 0 0 1057 0 0 0 0 0 0 0 0 0 226 232 224 0 0 0 0 0 229 224 224 0 0 0 0 0 226 232 224 0 0 0 0 33 0 0 0 0 0 0 0 0 0 0 0 0 0 0 0 0 0 0 0 0 0 0 0 0 0 0 0 0 0 
2048 2048 2048 2048 2048 2048 2048 2048 2048 2048 2048 2048 2048 2048 2048 2048 2048 2048 2048 2048 2048 2048 2048 2048 2048 2048 2048 2048 2048 2048 2048 2048 2048 2048 2048 2048 1057 2048 2048 2048 2048 33 0 0 1057 0 0 0 0 33 0 0 1057 0 0 0 0 33 0 0 0 0 0 0 0 1057 0 0 0 0 0 0 0 0 0 0 0 0 0 0 0 0 0 0 0 0 0 0 0 0 0 0 0 0 0 0 0 0 33 0 0 0 0 0 0 0 0 0 0 0 0 0 0 0 0 0 0 0 0 0 0 0 0 0 0 0 0 0 
2048 2048 2048 2048 2048 2048 2048 2048 2048 2048 2048 2048 2048 2048 2048 2048 2048 2048 2048 2048 2048 2048 2048 2048 2048 2048 2048 2048 2048 2048 2048 2048 2048 2048 2048 2048 33 2048 2048 2048 2048 1057 0 0 33 0 0 0 0 1057 0 0 33 0 0 0 0 1057 0 0 0 0 0 0 0 1057 0 0 0 0 0 0 0 0 0 0 0 0 0 0 0 0 0 0 0 0 0 0 0 0 0 0 0 0 0 0 0 0 33 0 0 0 0 0 0 0 0 0 0 0 0 0 0 0 0 0 0 0 0 0 0 0 0 0 0 0 0 0 
2048 2048 2048 2048 2048 2048 2048 2048 2048 2048 2048 2048 2048 2048 2048 2048 2048 2048 2048 2048 2048 2048 2048 2048 2048 2048 2048 2048 2048 2048 2048 2048 2048 2048 2048 2048 1057 2048 2048 2048 2048 33 0 0 1057 0 0 0 0 33 0 0 1057 0 0 0 0 33 0 0 0 0 0 0 0 2052 3 3 3 3 3 3 3 3 1028 245 224 0 0 4 3 3 1028 245 224 0 0 4 3 3 1028 245 224 0 0 4 3 3 3076 0 0 0 0 0 0 0 0 0 0 0 0 0 0 0 0 0 0 0 0 0 0 0 0 0 0 0 0 0 
2048 2048 2048 2048 2048 2048 2048 2048 2048 2048 2048 2048 2048 2048 2048 2048 2048 2048 2048 2048 2048 2048 2048 2048 2048 2048 2048 2048 2048 2048 2048 2048 2048 2048 2048 2048 33 2048 2048 2048 2048 1057 0 0 33 0 0 0 0 1057 0 0 33 0 0 0 0 1057 0 0 0 0 0 0 0 0 0 0 0 0 0 0 0 0 33 226 232 224 0 1057 0 0 33 229 224 224 0 1057 0 0 33 226 232 224 0 1057 0 0 0 0 0 0 0 0 0 0 0 0 0 0 0 0 0 0 0 0 0 0 0 0 0 0 0 0 0 0 0 0 
0 0 0 0 0 0 0 0 0 0 0 0 0 0 0 0 0 0 0 0 0 0 0 0 0 0 0 0 0 0 0 0 0 0 0 0 2052 3 3 3 3 3076 0 0 2052 3 3 3 3 3076 0 0 2052 3 3 3 3 3076 0 0 0 0 0 0 0 0 0 0 0 0 0 0 0 0 1057 0 0 0 0 33 0 0 1057 0 0 0 0 33 0 0 1057 0 0 0 0 33 0 0 0 0 0 0 0 0 0 0 0 0 0 0 0 0 0 0 0 0 0 0 0 0 0 0 0 0 0 0 0 0 
0 0 0 0 0 0 0 0 0 0 0 0 0 0 0 0 0 0 0 0 0 0 0 0 0 0 0 0 0 0 0 0 0 0 0 0 0 0 0 0 0 0 0 0 0 0 0 0 0 0 0 0 0 0 0 0 0 0 0 0 0 0 0 0 0 0 0 0 0 0 0 0 0 0 33 0 0 0 0 1057 0 0 33 0 0 0 0 1057 0 0 33 0 0 0 0 1057 0 0 0 0 0 0 0 0 0 0 0 0 0 0 0 0 0 0 0 0 0 0 0 0 0 0 0 0 0 0 0 0 
0 0 0 0 0 0 0 0 0 0 0 0 0 0 0 0 0 0 0 0 0 0 0 0 0 0 0 0 0 0 0 0 0 0 0 0 0 0 0 0 0 0 0 0 0 0 0 0 0 0 0 0 0 0 0 0 0 0 0 0 0 0 0 0 0 0 0 0 0 0 0 0 0 0 1057 0 0 0 0 33 0 0 1057 0 0 0 0 33 0 0 1057 0 0 0 0 33 0 0 0 0 0 0 0 0 0 0 0 0 0 0 0 0 0 0 0 0 0 0 0 0 0 0 0 0 0 0 0 0 
0 0 0 0 0 0 0 0 0 0 0 0 0 0 0 0 0 0 0 0 0 0 0 0 0 0 0 0 0 0 0 0 0 0 0 0 0 0 0 0 0 0 0 0 0 0 0 0 0 0 0 0 0 0 0 0 0 0 0 0 0 0 0 0 0 0 0 0 0 0 0 0 0 0 33 0 0 0 0 1057 0 0 33 0 0 0 0 1057 0 0 33 0 0 0 0 1057 0 0 0 0 0 0 0 0 0 0 0 0 0 0 0 0 0 0 0 0 0 0 0 0 0 0 0 0 0 0 0 0 
0 0 0 0 0 0 0 0 0 0 0 0 0 0 0 0 0 0 0 0 0 0 0 0 0 0 0 0 0 0 0 0 0 0 0 0 0 0 0 0 0 0 0 0 0 0 0 0 0 0 0 0 0 0 0 0 0 0 0 0 0 0 0 0 0 0 0 0 0 0 0 0 0 0 1057 0 0 0 0 33 0 0 1057 0 0 0 0 33 0 0 1057 0 0 0 0 33 0 0 0 0 0 0 0 0 0 0 0 0 0 0 0 0 0 0 0 0 0 0 0 0 0 0 0 0 0 0 0 0 
0 0 0 0 0 0 0 0 0 0 0 0 0 0 0 0 0 0 0 0 0 0 0 0 0 0 0 0 0 0 0 0 0 0 0 0 0 0 0 0 0 0 0 0 0 0 0 0 0 0 0 0 0 0 0 0 0 0 0 0 0 0 0 0 0 0 0 0 0 0 0 0 0 0 33 0 0 0 0 1057 0 0 33 0 0 0 0 1057 0 0 33 0 0 0 0 1057 0 0 0 0 0 0 0 0 0 0 0 0 0 0 0 0 0 0 0 0 0 0 0 0 0 0 0 0 0 0 0 0 
0 0 0 0 0 0 0 0 0 0 0 0 0 0 0 0 0 0 0 0 0 0 0 0 0 0 0 0 0 0 0 0 0 0 0 0 0 0 0 0 0 0 0 0 0 0 0 0 0 0 0 0 0 0 0 0 0 0 0 0 0 0 0 0 0 0 0 0 0 0 0 0 0 0 2052 3 3 3 3 3076 0 0 2052 3 3 3 3 3076 0 0 2052 3 3 3 3 3076 0 0 0 0 0 0 0 0 0 0 0 0 0 0 0 0 0 0 0 0 0 0 0 0 0 0 0 0 0 0 0 0 
0 0 0 0 0 0 0 0 0 0 0 0 0 0 0 0 0 0 0 0 0 0 0 0 0 0 0 0 0 0 0 0 0 0 0 0 0 0 0 0 0 0 0 0 0 0 0 0 0 0 0 0 0 0 0 0 0 0 0 0 0 0 0 0 0 0 0 0 0 0 0 0 0 0 0 0 0 0 0 0 0 0 0 0 0 0 0 0 0 0 0 0 0 0 0 0 0 0 0 0 0 0 0 0 0 0 0 0 0 0 0 0 0 0 0 0 0 0 0 0 0 0 0 0 0 0 0 0 
0 0 0 0 0 0 0 0 0 0 0 0 0 0 0 0 0 0 0 0 0 0 0 0 0 0 0 0 0 0 0 0 0 0 0 0 0 0 0 0 0 0 0 0 0 0 0 0 0 0 0 0 0 0 0 0 0 0 0 0 0 0 0 0 0 0 0 0 0 0 0 0 0 0 0 0 0 0 0 0 0 0 0 0 0 0 0 0 0 0 0 0 0 0 0 0 0 0 0 0 0 0 0 0 0 0 0 0 0 0 0 0 0 0 0 0 0 0 0 0 0 0 0 0 0 0 0 0 
0 0 0 0 0 0 0 0 0 0 0 0 0 0 0 0 0 0 0 0 0 0 0 0 0 0 0 0 0 0 0 0 0 0 0 0 0 0 0 0 0 0 0 0 0 0 0 0 0 0 0 0 0 0 0 0 0 0 0 0 0 0 0 0 0 0 0 0 0 0 0 0 0 0 0 0 0 0 0 0 0 0 0 0 0 0 0 0 0 0 0 0 0 0 0 0 0 0 0 0 0 0 0 0 0 0 0 0 0 0 0 0 0 0 0 0 0 0 0 0 0 0 0 0 0 0 0 0 
0 0 0 0 0 0 0 0 0 0 0 0 0 0 0 0 0 0 0 0 0 0 0 0 0 0 0 0 0 0 0 0 0 0 0 0 0 0 0 0 0 0 0 0 0 0 0 0 0 0 0 0 0 0 0 0 0 0 0 0 0 0 0 0 0 0 0 0 0 0 0 0 0 0 0 0 0 0 0 0 0 0 0 0 0 0 0 0 0 0 0 0 0 0 0 0 0 0 0 0 0 0 0 0 0 0 0 0 0 0 0 0 0 0 0 0 0 0 0 0 0 0 0 0 0 0 0 0 
0 0 0 0 0 0 0 0 0 0 0 0 0 0 0 0 0 0 0 0 0 0 0 0 0 0 0 0 0 0 0 0 0 0 0 0 0 0 0 0 0 0 0 0 0 0 0 0 0 0 0 0 0 0 0 0 0 0 0 0 0 0 0 0 0 0 0 0 0 0 0 0 0 0 0 0 0 0 0 0 0 0 0 0 0 0 0 0 0 0 0 0 0 0 0 0 0 0 0 0 0 0 0 0 0 0 0 0 0 0 0 0 0 0 0 0 0 0 0 0 0 0 0 0 0 0 0 0 
0 0 0 0 0 0 0 0 0 0 0 0 0 0 0 0 0 0 0 0 0 0 0 0 0 0 0 0 0 0 0 0 0 0 0 0 0 0 0 0 0 0 0 0 0 0 0 0 0 0 0 0 0 0 0 0 0 0 0 0 0 0 0 0 0 0 0 0 0 0 0 0 0 0 0 0 0 0 0 0 0 0 0 0 0 0 0 0 0 0 0 0 0 0 0 0 0 0 0 0 0 0 0 0 0 0 0 0 0 0 0 0 0 0 0 0 0 0 0 0 0 0 0 0 0 0 0 0 
0 0 0 0 0 0 0 0 0 0 0 0 0 0 0 0 0 0 0 0 0 0 0 0 0 0 0 0 0 0 0 0 0 0 0 0 0 0 0 0 0 0 0 0 0 0 0 0 0 0 0 0 0 0 0 0 0 0 0 0 0 0 0 0 0 0 0 0 0 0 0 0 0 0 0 0 0 0 0 0 0 0 0 0 0 0 0 0 0 0 0 0 0 0 0 0 0 0 0 0 0 0 0 0 0 0 0 0 0 0 0 0 0 0 0 0 0 0 0 0 0 0 0 0 0 0 0 0 
0 0 0 0 0 0 0 0 0 0 0 0 0 0 0 0 0 0 0 0 0 0 0 0 0 0 0 0 0 0 0 0 0 0 0 0 0 0 0 0 0 0 0 0 0 0 0 0 0 0 0 0 0 0 0 0 0 0 0 0 0 0 0 0 0 0 0 0 0 0 0 0 0 0 0 0 0 0 0 0 0 0 0 0 0 0 0 0 0 0 0 0 0 0 0 0 0 0 0 0 0 0 0 0 0 0 0 0 0 0 0 0 0 0 0 0 0 0 0 0 0 0 0 0 0 0 0 0 
0 0 0 0 0 0 0 0 0 0 0 0 0 0 0 0 0 0 0 0 0 0 0 0 0 0 0 0 0 0 0 0 0 0 0 0 0 0 0 0 0 0 0 0 0 0 0 0 0 0 0 0 0 0 0 0 0 0 0 0 0 0 0 0 0 0 0 0 0 0 0 0 0 0 0 0 0 0 0 0 0 0 0 0 0 0 0 0 0 0 0 0 0 0 0 0 0 0 0 0 0 0 0 0 0 0 0 0 0 0 0 0 0 0 0 0 0 0 0 0 0 0 0 0 0 0 0 0 
0 0 0 0 0 0 0 0 0 0 0 0 0 0 0 0 0 0 0 0 0 0 0 0 0 0 0 0 0 0 0 0 0 0 0 0 0 0 0 0 0 0 0 0 0 0 0 0 0 0 0 0 0 0 0 0 0 0 0 0 0 0 0 0 0 0 0 0 0 0 0 0 0 0 0 0 0 0 0 0 0 0 0 0 0 0 0 0 0 0 0 0 0 0 0 0 0 0 0 0 0 0 0 0 0 0 0 0 0 0 0 0 0 0 0 0 0 0 0 0 0 0 0 0 0 0 0 0 
0 0 0 0 0 0 0 0 0 0 0 0 0 0 0 0 0 0 0 0 0 0 0 0 0 0 0 0 0 0 0 0 0 0 0 0 0 0 0 0 0 0 0 0 0 0 0 0 0 0 0 0 0 0 0 0 0 0 0 0 0 0 0 0 0 0 0 0 0 0 0 0 0 0 0 0 0 0 0 0 0 0 0 0 0 0 0 0 0 0 0 0 0 0 0 0 0 0 0 0 0 0 0 0 0 0 0 0 0 0 0 0 0 0 0 0 0 0 0 0 0 0 0 0 0 0 0 0 
0 0 0 0 0 0 0 0 0 0 0 0 0 0 0 0 0 0 0 0 0 0 0 0 0 0 0 0 0 0 0 0 0 0 0 0 0 0 0 0 0 0 0 0 0 0 0 0 0 0 0 0 0 0 0 0 0 0 0 0 0 0 0 0 0 0 0 0 0 0 0 0 0 0 0 0 0 0 0 0 0 0 0 0 0 0 0 0 0 0 0 0 0 0 0 0 0 0 0 0 0 0 0 0 0 0 0 0 0 0 0 0 0 0 0 0 0 0 0 0 0 0 0 0 0 0 0 0 
0 0 0 0 0 0 0 0 0 0 0 0 0 0 0 0 0 0 0 0 0 0 0 0 0 0 0 0 0 0 0 0 0 0 0 0 0 0 0 0 0 0 0 0 0 0 0 0 0 0 0 0 0 0 0 0 0 0 0 0 0 0 0 0 0 0 0 0 0 0 0 0 0 0 0 0 0 0 0 0 0 0 0 0 0 0 0 0 0 0 0 0 0 0 0 0 0 0 0 0 0 0 0 0 0 0 0 0 0 0 0 0 0 0 0 0 0 0 0 0 0 0 0 0 0 0 0 0 
0 0 0 0 0 0 0 0 0 0 0 0 0 0 0 0 0 0 0 0 0 0 0 0 0 0 0 0 0 0 0 0 0 0 0 0 0 0 0 0 0 0 0 0 0 0 0 0 0 0 0 0 0 0 0 0 0 0 0 0 0 0 0 0 0 0 0 0 0 0 0 0 0 0 0 0 0 0 0 0 0 0 0 0 0 0 0 0 0 0 0 0 0 0 0 0 0 0 0 0 0 0 0 0 0 0 0 0 0 0 0 0 0 0 0 0 0 0 0 0 0 0 0 0 0 0 0 0 
0 0 0 0 0 0 0 0 0 0 0 0 0 0 0 0 0 0 0 0 0 0 0 0 0 0 0 0 0 0 0 0 0 0 0 0 0 0 0 0 0 0 0 0 0 0 0 0 0 0 0 0 0 0 0 0 0 0 0 0 0 0 0 0 0 0 0 0 0 0 0 0 0 0 0 0 0 0 0 0 0 0 0 0 0 0 0 0 0 0 0 0 0 0 0 0 0 0 0 0 0 0 0 0 0 0 0 0 0 0 0 0 0 0 0 0 0 0 0 0 0 0 0 0 0 0 0 0 
0 0 0 0 0 0 0 0 0 0 0 0 0 0 0 0 0 0 0 0 0 0 0 0 0 0 0 0 0 0 0 0 0 0 0 0 0 0 0 0 0 0 0 0 0 0 0 0 0 0 0 0 0 0 0 0 0 0 0 0 0 0 0 0 0 0 0 0 0 0 0 0 0 0 0 0 0 0 0 0 0 0 0 0 0 0 0 0 0 0 0 0 0 0 0 0 0 0 0 0 0 0 0 0 0 0 0 0 0 0 0 0 0 0 0 0 0 0 0 0 0 0 0 0 0 0 0 0 
0 0 0 0 0 0 0 0 0 0 0 0 0 0 0 0 0 0 0 0 0 0 0 0 0 0 0 0 0 0 0 0 0 0 0 0 0 0 0 0 0 0 0 0 0 0 0 0 0 0 0 0 0 0 0 0 0 0 0 0 0 0 0 0 0 0 0 0 0 0 0 0 0 0 0 0 0 0 0 0 0 0 0 0 0 0 0 0 0 0 0 0 0 0 0 0 0 0 0 0 0 0 0 0 0 0 0 0 0 0 0 0 0 0 0 0 0 0 0 0 0 0 0 0 0 0 0 0 
0 0 0 0 0 0 0 0 0 0 0 0 0 0 0 0 0 0 0 0 0 0 0 0 0 0 0 0 0 0 0 0 0 0 0 0 0 0 0 0 0 0 0 0 0 0 0 0 0 0 0 0 0 0 0 0 0 0 0 0 0 0 0 0 0 0 0 0 0 0 0 0 0 0 0 0 0 0 0 0 0 0 0 0 0 0 0 0 0 0 0 0 0 0 0 0 0 0 0 0 0 0 0 0 0 0 0 0 0 0 0 0 0 0 0 0 0 0 0 0 0 0 0 0 0 0 0 0 
0 0 0 0 0 0 0 0 0 0 0 0 0 0 0 0 0 0 0 0 0 0 0 0 0 0 0 0 0 0 0 0 0 0 0 0 0 0 0 0 0 0 0 0 0 0 0 0 0 0 0 0 0 0 0 0 0 0 0 0 0 0 0 0 0 0 0 0 0 0 0 0 0 0 0 0 0 0 0 0 0 0 0 0 0 0 0 0 0 0 0 0 0 0 0 0 0 0 0 0 0 0 0 0 0 0 0 0 0 0 0 0 0 0 0 0 0 0 0 0 0 0 0 0 0 0 0 0 
0 0 0 0 0 0 0 0 0 0 0 0 0 0 0 0 0 0 0 0 0 0 0 0 0 0 0 0 0 0 0 0 0 0 0 0 0 0 0 0 0 0 0 0 0 0 0 0 0 0 0 0 0 0 0 0 0 0 0 0 0 0 0 0 0 0 0 0 0 0 0 0 0 0 0 0 0 0 0 0 0 0 0 0 0 0 0 0 0 0 0 0 0 0 0 0 0 0 0 0 0 0 0 0 0 0 0 0 0 0 0 0 0 0 0 0 0 0 0 0 0 0 0 0 0 0 0 0 
0 0 0 0 0 0 0 0 0 0 0 0 0 0 0 0 0 0 0 0 0 0 0 0 0 0 0 0 0 0 0 0 0 0 0 0 0 0 0 0 0 0 0 0 0 0 0 0 0 0 0 0 0 0 0 0 0 0 0 0 0 0 0 0 0 0 0 0 0 0 0 0 0 0 0 0 0 0 0 0 0 0 0 0 0 0 0 0 0 0 0 0 0 0 0 0 0 0 0 0 0 0 0 0 0 0 0 0 0 0 0 0 0 0 0 0 0 0 0 0 0 0 0 0 0 0 0 0 
0 0 0 0 0 0 0 0 0 0 0 0 0 0 0 0 0 0 0 0 0 0 0 0 0 0 0 0 0 0 0 0 0 0 0 0 0 0 0 0 0 0 0 0 0 0 0 0 0 0 0 0 0 0 0 0 0 0 0 0 0 0 0 0 0 0 0 0 0 0 0 0 0 0 0 0 0 0 0 0 0 0 0 0 0 0 0 0 0 0 0 0 0 0 0 0 0 0 0 0 0 0 0 0 0 0 0 0 0 0 0 0 0 0 0 0 0 0 0 0 0 0 0 0 0 0 0 0 
0 0 0 0 0 0 0 0 0 0 0 0 0 0 0 0 0 0 0 0 0 0 0 0 0 0 0 0 0 0 0 0 0 0 0 0 0 0 0 0 0 0 0 0 0 0 0 0 0 0 0 0 0 0 0 0 0 0 0 0 0 0 0 0 0 0 0 0 0 0 0 0 0 0 0 0 0 0 0 0 0 0 0 0 0 0 0 0 0 0 0 0 0 0 0 0 0 0 0 0 0 0 0 0 0 0 0 0 0 0 0 0 0 0 0 0 0 0 0 0 0 0 0 0 0 0 0 0 
0 0 0 0 0 0 0 0 0 0 0 0 0 0 0 0 0 0 0 0 0 0 0 0 0 0 0 0 0 0 0 0 0 0 0 0 0 0 0 0 0 0 0 0 0 0 0 0 0 0 0 0 0 0 0 0 0 0 0 0 0 0 0 0 0 0 0 0 0 0 0 0 0 0 0 0 0 0 0 0 0 0 0 0 0 0 0 0 0 0 0 0 0 0 0 0 0 0 0 0 0 0 0 0 0 0 0 0 0 0 0 0 0 0 0 0 0 0 0 0 0 0 0 0 0 0 0 0 
0 0 0 0 0 0 0 0 0 0 0 0 0 0 0 0 0 0 0 0 0 0 0 0 0 0 0 0 0 0 0 0 0 0 0 0 0 0 0 0 0 0 0 0 0 0 0 0 0 0 0 0 0 0 0 0 0 0 0 0 0 0 0 0 0 0 0 0 0 0 0 0 0 0 0 0 0 0 0 0 0 0 0 0 0 0 0 0 0 0 0 0 0 0 0 0 0 0 0 0 0 0 0 0 0 0 0 0 0 0 0 0 0 0 0 0 0 0 0 0 0 0 0 0 0 0 0 0 
0 0 0 0 0 0 0 0 0 0 0 0 0 0 0 0 0 0 0 0 0 0 0 0 0 0 0 0 0 0 0 0 0 0 0 0 0 0 0 0 0 0 0 0 0 0 0 0 0 0 0 0 0 0 0 0 0 0 0 0 0 0 0 0 0 0 0 0 0 0 0 0 0 0 0 0 0 0 0 0 0 0 0 0 0 0 0 0 0 0 0 0 0 0 0 0 0 0 0 0 0 0 0 0 0 0 0 0 0 0 0 0 0 0 0 0 0 0 0 0 0 0 0 0 0 0 0 0 
0 0 0 0 0 0 0 0 0 0 0 0 0 0 0 0 0 0 0 0 0 0 0 0 0 0 0 0 0 0 0 0 0 0 0 0 0 0 0 0 0 0 0 0 0 0 0 0 0 0 0 0 0 0 0 0 0 0 0 0 0 0 0 0 0 0 0 0 0 0 0 0 0 0 0 0 0 0 0 0 0 0 0 0 0 0 0 0 0 0 0 0 0 0 0 0 0 0 0 0 0 0 0 0 0 0 0 0 0 0 0 0 0 0 0 0 0 0 0 0 0 0 0 0 0 0 0 0 
0 0 0 0 0 0 0 0 0 0 0 0 0 0 0 0 0 0 0 0 0 0 0 0 0 0 0 0 0 0 0 0 0 0 0 0 0 0 0 0 0 0 0 0 0 0 0 0 0 0 0 0 0 0 0 0 0 0 0 0 0 0 0 0 0 0 0 0 0 0 0 0 0 0 0 0 0 0 0 0 0 0 0 0 0 0 0 0 0 0 0 0 0 0 0 0 0 0 0 0 0 0 0 0 0 0 0 0 0 0 0 0 0 0 0 0 0 0 0 0 0 0 0 0 0 0 0 0 
0 0 0 0 0 0 0 0 0 0 0 0 0 0 0 0 0 0 0 0 0 0 0 0 0 0 0 0 0 0 0 0 0 0 0 0 0 0 0 0 0 0 0 0 0 0 0 0 0 0 0 0 0 0 0 0 0 0 0 0 0 0 0 0 0 0 0 0 0 0 0 0 0 0 0 0 0 0 0 0 0 0 0 0 0 0 0 0 0 0 0 0 0 0 0 0 0 0 0 0 0 0 0 0 0 0 0 0 0 0 0 0 0 0 0 0 0 0 0 0 0 0 0 0 0 0 0 0 
0 0 0 0 0 0 0 0 0 0 0 0 0 0 0 0 0 0 0 0 0 0 0 0 0 0 0 0 0 0 0 0 0 0 0 0 0 0 0 0 0 0 0 0 0 0 0 0 0 0 0 0 0 0 0 0 0 0 0 0 0 0 0 0 0 0 0 0 0 0 0 0 0 0 0 0 0 0 0 0 0 0 0 0 0 0 0 0 0 0 0 0 0 0 0 0 0 0 0 0 0 0 0 0 0 0 0 0 0 0 0 0 0 0 0 0 0 0 0 0 0 0 0 0 0 0 0 0 
0 0 0 0 0 0 0 0 0 0 0 0 0 0 0 0 0 0 0 0 0 0 0 0 0 0 0 0 0 0 0 0 0 0 0 0 0 0 0 0 0 0 0 0 0 0 0 0 0 0 0 0 0 0 0 0 0 0 0 0 0 0 0 0 0 0 0 0 0 0 0 0 0 0 0 0 0 0 0 0 0 0 0 0 0 0 0 0 0 0 0 0 0 0 0 0 0 0 0 0 0 0 0 0 0 0 0 0 0 0 0 0 0 0 0 0 0 0 0 0 0 0 0 0 0 0 0 0 
0 0 0 0 0 0 0 0 0 0 0 0 0 0 0 0 0 0 0 0 0 0 0 0 0 0 0 0 0 0 0 0 0 0 0 0 0 0 0 0 0 0 0 0 0 0 0 0 0 0 0 0 0 0 0 0 0 0 0 0 0 0 0 0 0 0 0 0 0 0 0 0 0 0 0 0 0 0 0 0 0 0 0 0 0 0 0 0 0 0 0 0 0 0 0 0 0 0 0 0 0 0 0 0 0 0 0 0 0 0 0 0 0 0 0 0 0 0 0 0 0 0 0 0 0 0 0 0 
