128 128
227 224 0 227 231 0 231 224 0 0 0 0 0 0 0 0 0 0 0 0 0 0 0 0 0 0 0 0 0 0 0 0 0 0 0 0 0 0 0 0 0 0 0 0 0 0 0 0 0 0 0 0 0 0 0 1024 1024 1024 0 0 0 0 0 0 0 0 0 0 0 0 0 0 0 0 0 0 0 0 0 0 0 0 0 0 0 0 0 0 0 0 0 0 0 0 0 0 0 0 0 0 0 0 0 0 0 0 0 0 0 0 0 0 0 0 0 0 0 0 0 0 0 0 0 0 0 0 0 0 
0 0 0 0 0 0 0 0 0 0 0 0 0 0 0 0 0 0 0 0 0 0 0 0 0 0 0 0 0 0 0 0 0 0 0 0 0 0 0 0 0 0 0 0 0 0 0 0 0 0 0 0 0 0 0 0 0 0 0 0 0 0 0 0 0 0 0 0 0 0 0 0 0 0 0 0 0 0 0 0 0 0 0 0 0 0 0 0 0 1024 1024 0 0 0 0 0 0 0 0 0 0 0 0 0 0 0 0 0 0 0 0 0 0 0 0 0 0 0 0 0 0 0 0 0 0 0 0 0 
0 0 0 0 0 0 0 0 0 0 0 0 0 0 0 0 0 0 0 0 0 0 0 0 0 0 0 0 0 0 0 0 0 0 0 0 0 0 0 0 0 0 0 0 0 0 0 0 0 0 0 0 0 0 0 0 0 0 0 0 0 0 0 0 0 0 0 0 0 0 0 0 0 0 0 0 0 0 0 0 0 0 0 0 0 0 0 0 0 1024 1024 0 0 0 0 0 0 0 0 0 0 0 0 0 0 1024 1024 1024 1024 0 0 0 0 0 0 0 0 0 0 0 0 0 0 0 0 0 0 0 
0 0 0 0 0 0 0 0 0 0 0 0 0 0 0 0 0 0 0 0 0 0 0 0 0 0 0 0 0 0 0 0 0 0 0 0 0 0 11 3 3 3 3 3 3 3 3 3 3 3 3 3 3 3 1035 0 114 115 3 3 3 3 3 1139 1138 0 0 0 0 0 0 0 0 0 0 0 0 0 0 0 0 0 0 0 0 0 0 0 0 1024 1024 0 0 0 0 0 0 0 0 0 0 0 0 0 0 1024 1024 1024 1024 0 0 0 0 0 0 0 0 0 0 0 0 0 0 0 0 0 0 0 
0 0 0 0 0 0 0 0 0 0 0 0 0 0 0 0 0 0 0 0 0 0 0 0 0 0 0 0 0 0 0 0 0 0 0 0 0 0 33 0 0 0 0 0 0 0 0 0 0 0 0 0 0 0 33 11 3187 3186 0 0 0 0 0 2162 2163 5 3 1035 0 0 0 0 0 0 0 0 0 0 0 0 0 0 0 0 0 0 0 0 0 0 0 0 0 0 0 0 0 0 0 0 0 0 0 0 0 1024 1024 1024 1024 0 0 0 0 0 0 0 0 0 0 0 0 0 0 0 0 0 0 0 
0 0 0 0 0 0 0 0 0 0 0 0 0 0 0 0 0 0 0 0 0 0 0 0 0 0 0 0 0 0 0 0 0 0 0 0 0 0 33 0 0 0 0 0 0 0 0 0 0 0 0 0 0 0 3120 3083 0 0 0 0 0 0 0 0 0 33 0 2059 1035 0 0 0 0 0 0 0 0 0 0 0 0 0 0 0 0 0 0 0 0 0 0 0 0 0 0 0 0 0 0 0 0 0 0 0 0 0 0 0 0 0 0 0 0 0 0 0 0 0 0 0 0 0 0 0 0 0 0 0 
0 0 0 0 0 0 0 0 0 0 0 0 0 0 0 0 0 0 0 0 0 0 0 0 0 0 0 0 0 0 0 0 0 0 0 0 0 0 33 0 0 0 0 0 0 0 0 0 0 0 0 0 0 0 33 0 0 0 0 0 0 0 0 0 0 33 0 0 2059 1035 0 0 0 0 0 0 0 0 0 0 0 0 0 0 0 0 0 0 0 0 0 0 0 0 0 0 0 0 0 0 0 0 0 0 0 0 0 0 0 0 0 0 0 0 0 0 0 0 0 0 0 0 0 0 0 0 0 0 
0 0 0 0 0 0 0 0 0 0 0 0 0 0 0 0 0 0 0 0 0 0 0 0 0 0 0 0 0 0 0 0 0 0 0 0 0 0 33 0 0 0 0 0 0 0 0 0 0 0 0 0 0 0 33 0 0 0 0 0 0 0 0 0 0 33 0 0 0 2059 1035 0 0 0 0 0 0 0 0 0 0 0 0 0 0 0 0 0 0 0 0 0 0 0 0 0 0 0 0 0 0 0 0 0 0 0 0 0 0 0 0 0 0 0 0 0 0 0 0 0 0 0 0 0 0 0 0 0 
0 0 0 0 0 0 0 0 0 0 0 0 0 0 0 0 0 0 0 0 0 0 0 0 0 0 0 0 0 0 0 0 0 0 0 0 0 0 33 0 0 0 0 192 196 196 196 196 196 1216 0 0 0 0 3088 0 0 0 0 192 1216 0 0 0 0 3088 0 0 0 0 2059 1035 0 0 0 0 0 0 0 0 0 0 0 0 0 0 0 0 0 0 0 0 0 0 0 0 0 0 0 0 0 0 0 0 0 0 0 0 0 0 0 0 0 0 0 0 0 0 0 0 0 0 0 0 0 0 0 0 
0 0 0 0 0 0 0 0 0 0 0 0 0 0 0 0 0 0 0 0 0 0 0 0 0 0 0 0 0 0 0 0 0 0 0 0 0 11 3083 0 0 0 0 2240 2244 2244 2244 2244 2244 3264 0 0 0 0 0 0 0 0 0 2240 3264 0 0 0 0 0 0 0 0 0 0 2059 1035 0 0 0 0 0 0 0 0 0 0 0 0 0 0 0 0 0 0 0 0 0 0 0 0 0 0 0 0 0 0 0 0 0 0 0 0 0 0 0 0 0 0 0 0 0 0 0 0 0 0 0 0 0 0 0 
0 0 0 0 0 0 0 0 0 0 0 0 0 0 0 0 0 0 0 0 0 0 0 0 0 0 0 0 0 0 0 0 0 0 0 0 11 3083 0 0 0 0 0 0 0 0 0 0 0 0 0 0 0 0 0 0 0 0 0 0 0 0 0 0 0 0 0 0 0 0 0 0 2059 1035 0 0 0 0 0 0 0 0 0 0 0 0 0 0 0 0 0 0 0 0 0 0 0 0 0 0 0 0 0 0 0 0 0 0 0 0 0 0 0 0 0 0 0 0 0 0 0 0 0 0 0 0 0 0 
0 0 0 0 0 0 0 0 0 0 0 0 0 0 0 0 0 0 0 0 0 0 0 0 0 0 0 0 0 0 0 0 0 0 0 11 3083 0 0 0 0 0 0 0 0 0 0 0 0 0 0 0 0 0 0 0 0 0 0 0 0 0 0 0 0 0 0 0 0 0 0 0 0 2059 1035 0 0 0 0 0 0 0 0 0 0 0 0 0 0 0 0 0 0 0 0 0 0 0 0 0 0 0 0 0 0 0 0 0 0 0 0 0 0 0 0 0 0 0 0 0 0 0 0 0 0 0 0 0 
0 0 0 0 0 0 0 0 0 0 0 0 0 0 0 0 0 0 0 0 0 0 0 0 0 0 0 0 0 0 0 0 0 0 11 3083 0 0 0 0 0 0 0 0 0 0 0 0 0 0 0 0 0 0 0 0 0 0 0 0 0 0 0 0 0 0 0 0 0 0 0 0 0 0 2059 1035 0 0 0 0 0 0 0 0 0 0 0 0 0 0 0 0 0 0 0 0 0 0 0 0 0 0 0 0 0 0 0 0 0 0 0 0 0 0 0 0 0 0 0 0 0 0 0 0 0 0 0 0 
0 0 0 0 0 0 0 0 0 0 0 0 0 0 1024 0 0 0 0 0 0 0 0 1024 0 0 0 0 0 0 0 0 0 11 3083 0 0 0 0 0 0 0 0 0 0 0 0 0 0 0 0 0 0 0 0 0 0 0 0 0 0 0 0 0 0 0 0 0 0 0 0 0 0 0 0 2059 1035 0 0 0 0 0 0 0 0 0 0 0 0 0 0 0 0 0 0 0 0 0 0 0 0 0 0 0 0 0 0 0 0 0 0 0 0 0 0 0 0 0 0 0 0 0 0 0 0 0 0 0 
0 0 0 0 0 0 0 0 0 0 0 0 0 0 11 3 3 3 3 3 3 1035 0 11 3 3 3 3 3 3 1035 0 11 3083 0 0 0 0 0 0 0 0 0 0 0 0 0 0 0 0 0 98 248 2048 248 2048 248 0 98 0 0 0 0 0 0 0 0 0 0 0 0 0 0 0 0 0 2059 1035 0 0 0 0 0 0 0 0 0 0 0 0 0 0 0 0 0 0 0 0 0 0 0 0 0 0 0 0 0 0 0 0 0 0 0 0 0 0 0 0 0 0 0 0 0 0 0 0 0 0 
8 9 9 9 9 9 9 9 9 9 9 9 9 9 3144 2296 0 2296 0 2296 0 2120 9 3144 2296 0 2296 0 2296 0 2120 3172 3083 0 0 0 0 0 0 0 0 0 0 0 0 0 0 0 0 0 0 33 0 0 0 0 0 0 33 0 0 0 0 0 0 0 0 0 0 0 0 0 0 0 0 0 0 2059 1035 0 0 0 0 0 0 0 0 0 0 0 0 0 0 0 0 0 0 0 0 0 0 0 0 0 0 0 0 0 0 0 0 0 0 0 0 0 0 0 0 0 0 0 0 0 0 0 0 0 
72 109 109 109 109 109 109 109 109 109 109 109 109 109 3186 0 0 0 0 0 0 2162 109 3186 0 0 0 0 0 0 2162 3186 0 0 0 0 0 0 0 0 0 0 0 11 5 3 3 3 3 3 3 39 3 3 3 3 3 3 39 3 3 3 3 3 3 1029 1035 0 0 0 0 0 0 0 0 0 0 0 2059 1035 3072 3072 3072 3072 3072 3072 3072 3072 0 0 0 0 0 0 0 0 0 0 0 0 0 0 0 0 0 0 0 0 0 0 0 0 0 0 0 0 0 0 0 0 0 0 0 0 0 0 0 0 
33 0 0 0 0 0 0 0 0 0 0 0 0 0 0 0 0 0 0 0 0 0 0 0 0 0 0 0 0 0 0 0 0 0 0 0 0 0 0 0 0 0 11 3083 33 2296 0 2296 0 2296 0 33 2296 0 2296 0 2296 0 33 2296 0 2296 0 2296 0 33 2059 1035 0 0 0 0 0 0 0 0 0 0 0 2059 1035 0 0 0 0 0 0 0 0 0 0 0 0 0 0 0 0 0 0 0 0 0 0 0 0 0 0 0 0 0 0 0 0 0 0 0 0 0 0 0 0 0 0 0 0 0 0 0 
33 0 0 0 0 0 0 0 0 0 0 0 0 0 0 0 0 0 0 0 0 0 0 0 0 0 0 0 0 0 0 0 0 0 0 0 0 0 0 0 0 11 3083 0 2146 0 0 0 0 0 0 2146 0 0 0 0 0 0 2146 0 0 0 0 0 0 2146 0 2059 1035 0 0 0 0 0 0 0 0 0 0 0 2059 1035 0 0 0 0 0 0 0 0 0 0 0 0 0 0 0 0 0 0 0 0 0 0 0 0 0 0 0 0 0 0 0 0 0 0 0 0 0 0 0 0 0 0 0 0 0 0 
33 0 0 0 0 0 0 0 0 0 0 0 0 0 0 0 0 0 0 0 0 0 0 0 0 0 0 0 0 0 0 0 0 0 0 0 0 0 0 0 11 3083 0 0 0 0 0 0 0 0 0 0 0 0 0 0 0 0 0 0 0 0 0 0 0 0 0 0 2059 1035 0 0 0 0 0 0 0 0 0 0 0 2059 1035 0 0 0 0 0 0 0 0 0 0 0 0 0 0 0 0 0 0 0 0 0 0 0 0 0 0 0 0 0 0 0 0 0 0 0 0 0 0 0 0 0 0 0 0 0 
33 0 0 0 0 0 0 0 0 0 0 0 0 0 0 0 0 0 0 0 0 0 0 0 0 0 0 0 0 0 0 0 0 0 0 0 0 0 0 11 3083 0 0 0 0 0 0 0 0 0 0 0 0 0 0 0 0 0 0 0 0 0 0 0 0 0 0 0 0 2059 1035 0 0 0 0 0 0 0 0 0 0 0 2059 1035 0 0 0 0 0 0 0 0 0 0 0 0 0 0 0 0 0 0 0 0 0 0 0 0 0 0 0 0 0 0 0 0 0 0 0 0 0 0 0 0 0 0 0 0 
33 0 0 0 0 192 1216 0 0 0 0 0 0 0 0 0 0 0 0 0 0 0 0 0 0 0 0 0 0 0 0 0 0 0 0 0 0 0 11 3083 0 0 0 0 0 0 0 0 0 0 0 0 0 0 0 0 0 0 0 0 0 0 0 0 0 0 0 0 0 0 2059 1035 0 0 0 0 0 0 0 0 0 0 0 2059 1035 0 0 0 0 0 0 0 0 0 0 0 0 0 0 0 0 0 0 0 0 0 0 0 0 0 0 0 0 0 0 0 0 0 0 0 0 0 0 0 0 0 0 0 
33 0 0 0 0 1224 200 0 0 0 0 0 0 0 0 0 0 0 0 0 0 0 0 0 0 0 0 0 0 0 0 0 0 0 0 0 0 11 3083 0 0 0 0 0 0 0 0 0 0 0 0 0 0 0 0 0 0 0 0 0 0 0 0 0 0 0 0 0 0 0 0 2059 1035 0 0 0 0 0 0 0 0 0 0 0 2059 1035 0 0 0 0 0 0 0 0 0 0 0 0 0 0 0 0 0 0 0 0 0 0 0 0 0 0 0 0 0 0 0 0 0 0 0 0 0 0 0 0 0 0 
33 0 0 0 0 1224 200 0 0 0 0 76 2157 2157 2157 2157 2157 2157 2157 2157 2157 2157 2157 2157 2157 2157 2157 2157 2157 2157 2157 2157 2157 2157 2157 2157 3172 3083 0 0 0 0 0 0 0 0 0 0 0 0 0 0 0 0 0 0 0 0 0 0 0 0 0 0 0 0 0 0 0 0 0 0 2059 1035 0 0 0 0 0 0 0 0 0 0 0 2059 1035 0 0 0 0 0 0 0 0 0 0 0 0 0 0 0 0 0 0 0 0 0 0 0 0 0 0 0 0 0 0 0 0 0 0 0 0 0 0 0 0 0 
33 0 0 0 0 1224 200 0 0 0 0 2124 2057 2057 2057 2057 2057 2057 2057 2057 2057 2057 2057 2057 2057 2057 2057 2057 2057 2057 2057 2057 2057 2057 2057 2057 3173 0 0 0 0 0 0 0 0 0 0 0 0 0 0 0 0 0 0 0 0 0 0 0 0 0 0 0 0 0 192 1216 0 0 0 0 0 33 0 0 0 0 0 0 0 0 0 0 0 0 2059 1035 0 0 0 0 0 0 0 0 0 0 0 0 0 0 0 0 0 0 0 0 2048 0 0 0 0 0 0 0 0 0 0 0 0 0 0 0 0 0 0 0 
33 0 0 0 0 1224 200 0 0 0 0 0 0 0 2048 0 2048 0 0 0 0 0 0 0 0 0 0 0 0 0 0 0 0 0 0 0 0 0 0 0 0 0 0 0 101 2157 2157 2157 2157 2157 2157 2157 2157 2157 2157 2157 2157 2157 2157 1125 0 0 0 0 0 0 2240 3264 0 1024 0 0 0 33 0 0 0 0 0 0 0 0 0 0 0 0 0 2059 1035 0 0 0 0 0 0 0 0 0 0 0 0 0 0 0 0 0 0 0 0 0 0 0 0 0 0 0 0 0 0 0 0 0 0 0 0 0 0 0 
33 0 0 0 0 2240 3264 0 0 0 0 0 0 0 0 0 0 0 0 0 0 0 0 0 0 0 0 0 0 0 0 0 0 0 0 0 0 0 0 0 0 0 0 11 100 2057 2057 2057 2057 2057 2057 2057 2057 2057 2057 1152 2169 2057 2057 1124 1035 0 0 0 0 0 0 0 0 1024 0 0 0 33 0 0 0 0 192 196 1216 0 0 0 0 0 0 0 2059 1035 0 0 0 0 3072 3072 3072 3072 0 0 0 0 0 0 0 0 0 0 0 0 0 0 0 0 0 0 0 0 0 0 0 0 0 0 0 0 0 0 
33 0 0 0 0 0 0 0 0 0 0 0 0 2048 0 0 0 0 0 0 0 0 0 0 0 0 0 0 0 0 0 0 0 0 0 0 0 0 0 0 0 0 11 3083 0 0 0 0 0 0 0 0 0 0 0 0 2059 1035 0 0 2059 1035 0 0 0 0 0 0 0 0 0 0 0 33 0 0 0 0 1224 203 200 0 0 0 0 0 0 0 0 2059 1035 0 0 0 3072 3072 3072 3072 0 0 0 0 0 0 0 0 0 0 0 0 0 0 0 0 0 0 0 0 0 0 0 0 0 0 0 0 0 0 
33 0 0 0 0 0 0 0 0 0 0 0 0 0 0 0 0 0 0 0 0 0 0 0 0 0 0 0 0 0 0 0 0 0 0 0 0 0 0 0 0 11 3083 0 0 0 0 0 0 0 0 0 0 0 0 0 0 2059 1035 0 0 2059 1035 0 0 0 0 0 0 0 0 0 0 33 0 0 0 0 2240 2244 3264 0 0 0 0 0 0 0 0 0 2059 1035 0 0 0 0 0 0 0 0 0 0 0 0 0 0 0 0 0 0 0 0 0 0 0 0 0 0 0 0 0 0 0 0 0 0 0 0 
33 0 0 0 0 0 0 0 0 0 0 0 0 0 0 0 0 0 0 0 0 0 0 0 0 0 0 0 0 0 0 0 0 0 0 0 0 0 0 0 11 3083 0 0 0 0 0 0 0 0 0 0 0 0 0 0 0 0 2059 1035 0 0 2059 1035 0 0 0 0 0 0 3072 3072 3072 33 0 0 0 0 0 0 0 0 0 0 0 0 0 0 0 0 0 2059 1035 0 0 0 0 0 0 0 0 0 0 0 0 0 0 0 0 0 0 0 0 0 0 0 0 0 0 0 0 0 0 0 0 0 0 0 
33 0 0 0 0 0 0 0 0 0 0 0 0 0 0 0 0 0 0 0 0 0 0 0 0 0 0 0 0 0 0 0 0 0 0 0 0 0 0 11 3083 0 0 0 0 0 0 0 0 0 0 0 0 0 0 0 0 0 0 2059 1035 0 0 2059 1035 0 0 0 0 0 3072 3072 3072 33 0 0 0 0 0 0 0 0 0 0 0 0 0 0 0 0 0 0 33 0 0 0 0 0 0 0 0 0 0 0 0 0 0 0 0 0 0 0 0 0 0 0 0 0 0 0 0 0 0 0 0 0 0 0 
2120 2157 2157 2157 2157 2157 2157 2157 2157 2157 2157 2157 2157 1138 248 2048 248 2048 248 2048 114 2157 1138 248 2048 248 2048 248 2048 114 2157 1138 248 2048 248 2048 248 0 11 3083 0 0 0 0 0 160 161 0 0 0 0 0 0 0 0 0 0 0 0 0 2059 1035 0 0 2059 1035 0 0 0 0 3072 3072 3072 33 0 0 0 0 0 0 0 0 0 0 0 0 0 0 0 0 0 0 33 0 0 0 0 0 0 0 0 0 0 0 0 0 0 0 0 0 0 0 0 0 0 0 0 0 0 0 0 0 0 0 0 0 0 0 
2056 2057 2057 2057 2057 2057 2057 2057 2057 2057 2057 2057 2057 1096 2048 2048 2048 2048 2048 2048 72 2057 1096 2048 2048 2048 2048 2048 2048 72 2057 1096 2048 2048 2048 2048 2048 2048 33 0 0 0 0 0 160 162 3232 0 1024 1024 1024 1024 11 2051 2051 1035 0 0 0 0 0 2059 1035 0 0 33 0 0 0 0 3072 3072 3072 33 3072 3072 3072 3072 0 0 0 0 0 0 0 0 0 0 0 0 0 0 33 0 0 0 0 0 1024 1024 1024 1024 0 0 0 0 0 0 0 0 0 0 0 0 0 0 0 0 0 0 0 0 0 0 0 0 0 0 
2048 2048 2048 0 2048 2048 2048 2048 2048 2048 2048 0 0 2059 2051 2051 2051 2051 2051 2051 3083 0 2059 2051 2051 2051 2051 2051 2051 3083 2048 2059 2051 2051 2051 2051 2051 5 3083 0 0 0 0 160 162 3232 0 0 1024 1024 1024 11 3083 0 0 2059 1035 0 0 0 0 0 2059 1035 11 3083 0 0 0 0 3072 3072 3072 2059 2051 2051 2051 2051 2051 2051 2051 2051 1035 0 0 0 0 0 0 0 0 0 33 0 0 0 0 0 1024 1024 1024 1024 0 0 0 0 0 0 0 0 0 0 0 0 0 2048 0 0 0 0 0 0 0 0 0 0 0 0 
2048 2048 2048 0 0 0 0 0 0 0 0 0 0 0 0 0 0 0 0 0 3072 2048 2048 2048 2048 2048 2048 2048 2048 3072 2048 2048 2048 2048 2048 2048 2048 33 0 0 0 0 0 3233 3232 0 0 0 1024 1024 11 3083 1024 0 0 0 2059 1035 0 0 0 0 0 2059 3083 0 0 0 0 0 0 0 0 0 0 0 0 0 0 0 0 0 2059 1035 0 0 0 0 0 0 0 0 33 0 0 0 0 0 0 0 0 0 0 0 0 0 0 0 0 0 0 0 0 0 0 0 0 0 0 0 0 0 0 0 0 0 0 0 
0 0 0 0 0 0 0 0 0 0 0 0 0 0 0 0 0 0 0 0 0 0 0 0 0 0 0 0 0 0 0 0 0 0 0 0 0 33 0 0 0 0 0 0 0 0 0 0 1024 11 3083 1024 1024 11 1035 0 0 2059 1035 0 0 0 0 0 0 0 0 0 0 0 0 0 0 0 0 0 0 0 0 0 0 0 0 33 0 0 0 0 0 0 0 0 33 0 0 0 0 0 0 0 0 114 115 3075 3075 3075 2051 2051 2051 1139 1138 0 0 0 0 0 0 0 0 0 0 0 0 0 0 0 0 0 
0 0 0 0 0 0 0 0 0 0 0 0 0 0 0 0 0 0 0 0 0 0 0 0 0 0 0 0 0 0 0 0 0 0 0 0 0 33 0 0 0 0 0 0 0 0 0 0 11 3083 1024 1024 11 3083 2059 1035 0 0 2059 1035 0 0 0 0 0 0 0 0 0 0 0 0 0 0 0 0 0 0 0 0 0 0 0 33 0 0 0 0 0 0 0 0 33 0 0 0 0 0 0 114 115 3187 3186 0 0 0 0 0 0 2162 2163 1139 1138 0 0 0 0 0 0 0 0 0 0 0 0 0 0 0 
0 0 0 0 0 0 0 0 0 0 0 0 0 0 0 0 0 0 0 0 0 0 0 0 0 0 0 0 0 0 0 0 0 0 0 0 0 33 0 0 0 0 0 0 1024 1024 1024 11 3083 1024 1024 11 3083 0 0 2059 1035 0 0 2059 1035 0 0 0 0 0 0 0 0 0 0 0 0 0 0 0 0 0 0 0 0 0 0 33 0 0 0 0 0 0 0 0 33 0 0 0 0 114 115 3187 3186 0 0 0 0 0 0 0 0 0 0 2162 2163 1139 1138 0 0 0 0 0 0 0 0 0 0 0 0 0 
0 0 0 0 0 0 0 0 0 0 0 0 0 0 0 0 0 0 0 0 0 0 0 0 0 0 0 0 0 0 0 0 0 0 0 0 0 33 0 0 0 0 0 1024 1024 1024 11 3083 0 0 11 3083 0 0 0 0 2059 1035 0 0 2059 1035 0 0 0 0 0 0 0 0 0 0 0 0 0 0 192 196 1216 0 0 0 0 33 0 0 0 0 0 0 0 0 33 0 0 114 115 3187 3186 0 0 0 0 0 0 0 0 0 0 0 0 0 0 2162 2163 1035 0 0 0 0 0 0 0 0 0 0 0 0 
0 0 0 0 0 0 0 0 0 0 0 0 0 0 0 0 0 0 0 0 0 0 0 0 0 0 0 0 0 0 0 0 0 0 0 0 0 33 0 0 0 0 0 1024 1024 11 3083 1024 0 11 3083 0 0 0 1024 0 0 2059 1035 0 0 2059 1035 0 0 0 0 0 0 0 0 0 0 0 0 0 1224 199 200 0 0 0 0 33 0 0 0 0 0 0 0 0 33 114 115 3187 3186 0 0 0 0 0 0 0 0 0 0 0 0 0 0 0 0 0 0 2109 1053 0 0 0 0 0 0 0 0 0 0 0 
0 0 0 0 0 0 0 0 0 0 0 0 0 0 0 0 0 0 0 0 0 0 0 0 0 0 0 0 0 0 0 0 0 0 0 0 0 33 0 0 0 0 0 1024 11 3083 1024 1024 0 2059 1035 1024 0 0 0 0 0 0 2059 1035 0 0 2059 1035 0 0 0 0 0 0 0 0 0 0 0 0 1224 2247 200 0 0 0 0 33 0 0 0 0 0 0 0 0 2059 3187 3186 0 0 0 0 0 0 0 0 0 0 0 0 0 0 0 0 0 0 0 0 2077 1085 0 0 0 0 0 0 0 0 0 0 0 
0 0 0 0 0 0 0 0 1024 1024 1024 1024 0 0 0 0 0 1024 1024 114 115 2051 2051 2051 2051 2051 2051 2051 2051 2051 2051 2051 2051 2051 2051 2051 2051 36 0 0 0 0 0 11 3083 1024 1024 98 0 0 2059 1035 1024 0 0 0 1024 0 0 2059 1139 1138 0 2059 1035 0 0 0 0 0 0 0 0 0 0 0 2240 2244 3264 0 0 0 0 33 0 0 0 0 0 0 0 0 0 0 0 0 0 0 0 0 0 0 0 0 0 0 0 0 0 0 0 0 0 0 0 0 2109 1053 0 0 0 0 0 0 0 0 0 0 
0 0 0 0 0 0 0 0 1024 1024 1024 1024 0 0 0 0 0 114 115 3187 3186 0 0 0 0 0 0 0 0 0 0 0 0 0 0 0 0 33 0 0 0 0 11 3083 1024 1024 11 110 1035 0 0 2059 1035 1024 0 0 0 0 0 0 2162 2163 2051 2051 3083 0 0 0 0 0 0 0 0 0 0 0 0 0 0 0 0 0 0 33 0 0 0 0 0 0 0 0 0 0 0 0 0 0 0 0 0 0 0 0 0 0 0 0 0 0 0 0 0 0 0 0 2077 1085 0 0 0 0 0 0 0 0 0 0 
0 0 0 0 0 0 0 0 0 0 0 0 0 0 0 0 11 3187 3186 1024 1024 0 0 0 0 0 0 0 0 0 0 0 0 0 0 0 0 33 0 0 0 0 33 0 0 11 3083 0 2059 1035 1024 0 2059 1035 1024 0 0 0 0 0 0 0 0 0 0 0 0 0 0 0 11 1035 0 0 0 0 0 0 0 0 0 0 0 33 0 0 0 0 0 0 0 0 0 0 0 0 0 0 0 0 0 0 0 0 0 0 0 0 0 0 0 0 0 0 0 0 0 2109 1053 0 0 0 0 0 0 0 0 0 
0 0 0 0 0 0 0 0 0 0 0 0 1024 1024 1024 11 3083 0 0 0 0 0 0 0 0 0 0 0 0 0 0 0 0 0 0 0 0 33 0 0 0 0 33 0 11 3083 0 0 0 2059 1035 0 0 2059 1035 1024 0 0 0 0 0 0 0 0 0 0 0 0 0 0 33 2059 1035 0 0 0 0 0 0 0 0 0 0 33 0 0 0 0 0 0 0 0 0 0 0 0 0 0 0 0 0 0 0 0 0 0 0 0 0 0 0 0 0 0 0 0 0 2077 1085 0 0 0 0 0 0 0 0 0 
0 0 0 0 0 0 0 0 0 0 0 0 1024 1024 11 3083 0 0 0 0 0 0 0 0 0 0 0 0 0 0 0 0 0 0 0 0 0 33 0 0 0 0 33 11 3083 0 0 0 1024 1024 2059 1035 1024 0 2059 1035 1024 0 0 0 0 0 0 0 0 0 0 0 0 0 33 0 2059 1035 0 0 0 0 0 0 0 0 0 33 0 0 0 0 192 196 1216 0 0 0 0 0 0 0 0 0 1045 1138 0 0 0 2048 2048 2048 2048 3072 2048 0 0 0 0 2048 0 0 2109 1053 0 0 0 0 0 0 0 0 
0 0 0 0 0 0 0 0 0 0 0 1024 1024 11 3083 0 0 0 0 0 0 0 0 0 0 0 0 0 0 0 0 0 0 0 0 99 2051 36 0 0 0 0 2059 111 0 0 0 0 0 0 0 2059 1035 0 0 2059 1035 0 0 0 0 0 0 0 0 0 0 0 0 0 33 0 0 2059 1035 0 0 0 0 0 0 0 0 33 0 0 0 0 1224 203 200 0 0 0 0 0 0 0 0 0 2162 2163 1139 1138 0 0 0 0 0 0 0 0 0 0 0 2048 0 0 2077 1085 0 0 0 0 0 0 0 0 
0 0 0 0 0 0 0 0 0 0 0 1024 29 3133 1024 0 0 0 0 0 0 0 0 0 0 0 0 0 0 0 0 0 0 0 0 1273 0 33 0 0 0 0 0 2059 1035 0 0 0 0 0 1024 1024 2059 1139 1138 0 2059 1035 0 0 0 0 0 0 0 0 0 0 0 0 2059 1035 0 0 2059 1035 0 11 2051 2051 2051 2051 2051 36 0 0 0 0 2240 2244 3264 0 0 0 0 0 0 0 0 0 0 0 2162 2163 1139 1138 0 0 0 0 0 0 0 0 0 2048 0 0 0 2109 1053 0 0 0 0 0 0 0 
0 0 0 0 0 0 0 0 0 0 0 1024 61 3101 1024 0 0 0 0 0 0 0 0 0 0 0 0 0 0 0 0 0 0 0 0 0 0 33 0 0 0 0 0 0 2059 1035 0 0 0 1024 1024 0 0 2162 2163 2051 2051 3083 0 0 0 0 0 0 0 0 0 0 0 0 0 2059 1035 0 0 2059 2158 3083 0 0 0 0 0 33 0 0 0 0 0 0 0 0 0 0 0 0 0 0 0 0 0 0 0 0 2162 2163 1035 0 0 0 0 0 0 0 0 2048 0 0 0 2077 1085 0 0 0 0 0 0 0 
0 0 0 0 0 0 0 0 0 0 0 29 3133 1024 1024 0 0 0 0 0 0 2048 2048 0 0 0 0 0 0 0 0 0 0 0 0 1273 0 33 0 0 0 0 0 0 0 2109 1053 1024 0 1024 1024 0 0 0 0 0 0 0 0 0 0 0 0 11 1035 0 0 0 0 0 0 0 2059 1035 0 0 2146 0 0 0 0 0 0 33 0 0 0 0 0 0 0 0 0 0 0 0 0 0 0 0 0 0 0 0 0 0 2109 1053 0 0 0 0 0 0 0 0 0 0 0 0 2109 1053 0 0 0 0 0 0 
0 0 0 0 0 0 0 0 0 1024 1024 61 3101 1024 1024 0 0 0 0 0 0 2048 2048 0 0 0 0 0 0 0 0 0 0 0 0 0 0 33 0 0 0 0 0 0 0 2077 1085 0 0 1024 1024 1024 0 0 1024 1024 1024 0 0 0 0 0 0 33 2059 1035 0 0 0 0 0 0 0 2059 1035 0 0 0 0 0 0 0 0 33 0 0 0 0 0 0 0 0 0 0 0 0 0 0 0 0 0 0 0 0 0 0 2077 1085 0 0 0 0 0 0 0 0 0 0 0 0 2077 1085 0 0 0 0 0 0 
0 0 0 0 0 0 0 0 0 1024 1024 1057 0 1024 1024 1024 0 0 0 0 0 2048 2048 0 0 0 0 0 0 16 0 0 0 0 0 99 2051 2084 0 0 0 0 1024 1024 1024 1024 2109 1053 0 0 1024 1024 0 0 1024 1024 1024 0 0 0 0 0 0 33 0 2059 1035 0 0 0 0 0 1024 11 3083 0 0 0 0 0 0 0 0 33 0 0 0 0 0 0 0 0 0 0 0 0 0 0 0 0 0 0 0 0 0 0 0 2109 1053 0 0 0 0 0 0 0 0 0 0 0 0 2109 1053 0 0 0 0 0 
0 0 0 0 0 0 0 0 0 1024 1024 1057 1024 1024 1024 1024 0 0 0 0 0 2048 2048 0 0 0 0 0 0 33 0 0 0 0 0 0 0 33 0 0 0 0 0 0 0 0 2077 1085 0 0 0 0 0 0 0 0 0 0 0 0 0 0 0 33 0 0 2059 1035 0 0 0 0 11 3083 0 0 0 0 0 0 0 0 0 2059 2051 2051 2051 2051 2051 2051 2051 2051 2051 2051 2051 1139 1138 0 0 0 0 0 0 0 0 0 0 2077 1085 0 0 0 0 2048 0 0 0 0 0 0 0 2077 1085 0 0 0 0 0 
0 0 0 0 0 0 0 0 0 1024 1024 1057 1024 1024 1024 1024 0 0 0 0 0 2048 0 16 0 0 0 0 0 33 0 0 0 0 0 0 0 33 0 0 0 0 0 0 0 0 0 2109 1053 0 0 0 0 0 0 0 0 0 0 0 0 0 0 2059 1035 0 0 2059 1035 0 1024 11 3083 1024 0 0 0 0 0 0 0 0 0 0 0 0 0 0 0 0 0 0 0 0 0 2162 2163 1139 1138 0 0 0 0 0 0 0 0 0 2109 1053 0 0 0 2048 0 0 0 0 0 0 0 0 33 0 0 0 0 0 
0 0 0 0 0 0 0 0 0 1024 1024 1057 1024 1024 1024 1024 0 0 0 0 0 0 29 3133 0 0 0 0 0 33 0 0 0 0 0 0 0 33 0 0 0 0 0 0 0 0 0 2077 1085 0 0 0 0 0 0 11 1035 0 0 0 0 0 0 0 2059 1035 0 0 2059 1035 11 3083 0 0 0 0 0 0 0 0 0 0 0 0 0 0 0 0 0 0 0 0 0 0 0 0 0 2162 2163 1035 0 0 0 0 0 0 0 0 2077 1085 0 0 0 0 0 0 0 0 0 0 0 0 33 0 0 0 0 0 
0 0 0 0 0 0 0 0 0 3072 3072 1057 3072 3072 3072 3072 0 0 0 0 0 0 61 3101 0 0 0 0 0 33 0 0 0 0 0 0 0 2064 0 0 0 0 0 0 0 0 99 2051 36 0 0 0 0 0 0 1057 2059 1035 0 0 0 0 0 0 0 2059 1035 0 0 2059 3083 1024 0 0 0 0 0 0 0 0 0 0 0 0 0 0 0 0 0 0 0 0 0 0 0 0 0 0 0 2059 1035 0 0 0 0 0 0 0 0 1072 1035 0 0 0 0 0 0 0 0 0 0 0 33 0 0 0 0 0 
0 0 0 0 0 0 0 0 0 3072 3072 3105 3072 3072 3072 3072 0 0 0 0 0 0 33 0 0 0 0 0 0 33 0 0 0 0 0 0 0 0 0 0 0 0 0 0 0 0 1273 0 33 0 0 0 0 0 0 1057 0 2059 1035 0 0 0 0 0 0 0 2059 1035 0 0 0 0 0 0 0 0 0 0 0 0 0 0 0 0 0 0 0 0 0 0 0 0 0 0 0 0 0 0 0 0 2109 1053 0 0 0 0 0 0 0 33 2059 1035 0 0 0 0 0 0 0 0 0 0 33 0 0 0 0 0 
0 0 0 0 0 0 0 0 0 3072 3072 3105 3072 3072 3072 3072 0 0 0 0 0 0 33 0 0 0 0 0 0 33 0 0 0 0 0 0 0 0 0 0 0 0 0 0 0 0 0 0 33 0 0 0 0 0 0 2109 1053 0 2059 1035 0 0 0 0 0 0 1024 1135 1123 0 0 0 0 0 0 0 0 0 0 0 0 0 0 0 0 0 0 0 0 0 0 0 0 0 0 0 0 0 0 0 2077 1085 0 0 0 0 0 0 0 33 0 33 0 0 0 0 0 0 0 0 0 0 33 0 0 0 0 0 
0 0 0 0 0 0 0 0 0 3072 3072 3105 3072 3072 3072 3072 0 0 0 0 0 0 33 0 0 0 0 0 0 33 0 0 0 0 0 0 0 0 0 0 0 0 0 0 0 0 1273 0 33 0 0 0 0 0 0 2077 1085 0 0 2059 1035 0 0 0 0 0 11 3083 0 0 0 0 0 0 0 0 0 0 0 0 0 0 0 0 0 0 0 0 0 0 0 0 0 0 0 0 0 0 0 0 0 33 0 0 0 0 0 0 0 33 0 33 0 0 0 0 0 0 0 0 0 0 33 0 0 0 0 0 
0 0 0 0 0 0 0 0 0 3072 3072 3105 3072 3072 3072 3072 0 0 0 0 0 0 33 0 0 0 0 0 0 33 0 0 0 0 0 0 0 0 0 0 192 1216 0 0 0 0 0 0 33 0 0 0 0 0 0 0 2059 1035 0 0 2059 1035 0 0 1024 11 3083 0 0 0 0 0 0 0 0 0 0 0 0 0 0 0 0 0 0 0 0 0 0 0 0 0 0 0 0 0 0 0 0 0 0 33 0 0 0 0 0 0 0 33 0 33 0 0 0 0 0 0 0 0 0 0 2081 2048 0 0 0 0 
0 0 0 0 0 0 0 0 0 0 0 1057 2048 2048 2048 2048 0 0 0 0 2048 0 33 0 0 0 0 0 0 2059 1035 0 0 0 0 0 0 0 0 0 2240 3264 0 0 0 0 99 3 2084 0 0 0 0 0 0 0 0 2059 1035 0 0 2059 1035 0 11 3083 0 0 0 0 0 0 0 0 0 0 0 0 0 0 0 0 0 0 0 0 0 0 0 0 0 0 0 0 0 0 0 0 0 0 2048 2081 2048 2048 2048 2048 2048 2048 2048 2081 2048 2081 2048 0 0 0 0 0 0 0 0 0 2081 2048 0 0 0 0 
0 0 0 0 0 0 0 0 0 0 0 3105 2048 2048 2048 2048 0 0 0 0 2048 0 33 0 0 0 0 0 0 0 2059 1035 0 0 0 0 0 0 0 0 0 0 0 0 0 0 0 0 33 0 0 0 0 0 0 0 0 0 2059 1035 0 0 2059 2158 3083 1024 0 0 0 0 0 0 0 0 0 0 0 0 0 0 0 0 0 0 0 0 0 0 0 0 0 0 0 0 0 0 0 0 0 0 2048 2081 2048 2048 2048 2048 2048 2048 2048 2081 2048 2081 2048 0 0 0 0 0 0 0 0 0 2081 2048 0 0 0 0 
0 0 0 0 0 0 0 0 0 0 0 3105 2048 2048 2048 2048 0 0 0 0 2048 0 33 0 0 0 0 0 0 0 0 2059 1035 1024 0 0 0 0 0 0 0 0 0 0 0 0 0 0 33 0 0 0 0 0 0 0 0 0 0 2059 1035 0 0 2146 0 0 0 0 0 0 0 0 0 0 0 0 0 0 0 0 0 0 0 0 0 0 0 0 0 0 0 0 0 0 0 0 0 0 0 0 29 3133 2048 2048 2048 2048 2048 2048 2048 2081 2048 2081 2048 0 0 0 0 0 0 0 0 0 2081 2048 0 0 0 0 
0 0 0 0 0 0 0 0 0 0 0 3105 2048 2048 2048 2048 0 0 0 0 2048 0 33 0 0 0 0 0 0 0 0 0 2059 1035 0 0 0 0 0 0 0 0 0 0 0 0 0 0 33 0 0 0 0 0 0 0 0 0 0 0 2059 1035 0 0 0 0 0 0 0 0 0 0 0 0 0 0 0 0 0 0 0 0 0 0 0 0 0 0 0 0 0 0 0 0 0 0 0 0 0 0 61 3101 2048 2048 2048 2048 2048 2048 2048 2081 2048 2081 2048 0 0 0 0 0 0 0 0 0 2081 2048 0 0 0 0 
0 0 0 0 0 0 0 0 0 0 0 1057 2048 2048 2048 2048 0 0 0 0 2048 0 33 0 0 0 0 0 0 1024 1024 1024 1024 2059 1035 0 0 0 0 0 0 0 0 0 0 0 0 0 33 253 253 253 253 253 253 253 253 253 253 253 253 33 0 0 0 0 0 0 0 0 0 0 0 0 0 0 0 0 0 0 0 0 0 0 0 0 0 0 0 0 0 0 0 0 0 0 0 0 0 11 3083 2048 2048 2048 2048 2048 2048 2048 2048 2081 2048 2081 2048 0 0 0 0 0 0 0 0 0 2081 2048 0 0 0 0 
0 0 0 0 0 0 0 0 0 0 0 1057 1024 1024 1024 1024 0 0 0 0 2048 0 33 0 0 0 0 192 1216 0 0 0 0 0 2059 2051 2051 2051 2051 2051 2051 2051 2051 2051 2051 2051 2051 2051 36 253 253 253 253 253 253 253 253 253 253 253 253 33 0 0 0 0 0 0 0 0 0 0 0 0 0 0 0 0 0 0 0 0 0 0 0 0 0 0 0 0 0 0 0 0 0 0 0 0 11 3083 2048 2048 2048 2048 2048 2048 2048 2048 29 3133 2048 2081 2048 0 0 0 0 0 0 0 0 0 2081 0 0 0 0 0 
0 0 0 0 0 0 0 0 0 0 0 1057 1024 1024 1024 1024 0 0 0 0 2048 0 33 0 0 0 0 2240 3264 0 0 0 0 0 0 0 0 0 0 0 0 0 0 0 0 0 0 0 33 253 253 253 253 253 253 253 253 253 253 253 253 33 0 0 0 2048 0 0 0 0 0 0 0 0 0 0 0 0 0 0 0 0 0 0 0 0 0 0 0 0 0 0 0 0 0 0 114 115 3083 0 2048 2048 2048 2048 2048 2048 2048 2048 61 3101 2048 2081 0 0 0 0 0 0 0 2048 2048 2048 2081 0 0 0 0 0 
0 0 0 0 0 0 0 0 0 0 0 1057 1024 1024 1024 1024 0 0 0 0 2048 0 33 0 0 0 0 0 0 0 0 0 0 0 0 0 0 0 0 0 0 0 0 0 0 0 0 0 33 253 253 253 253 253 253 253 253 253 253 253 253 33 0 0 0 11 2051 2051 2051 2051 2051 2051 2051 2051 2051 1128 104 2051 2051 2051 2051 2051 2051 2051 2051 2051 5 2051 2051 2051 2051 2051 2051 2051 2051 2051 3187 3186 0 0 2048 2048 2048 2048 2048 2048 2048 29 3133 2048 29 3133 0 0 0 0 0 0 0 2048 2048 2048 2081 0 0 0 0 0 
0 0 0 0 0 0 0 0 0 0 0 1057 1024 1024 1024 1024 0 0 0 0 2048 0 33 0 0 0 0 0 0 0 0 0 0 0 0 0 0 0 0 0 0 0 0 0 0 0 0 0 33 253 253 253 253 253 253 253 253 253 253 253 253 33 0 0 0 33 0 0 0 0 0 0 0 0 0 61 3101 0 0 0 0 0 0 0 0 29 3133 0 0 0 0 0 0 0 0 0 0 0 0 0 2048 2048 2048 2048 2048 2048 2048 61 3101 2048 61 3101 0 0 0 2048 0 2048 2048 2048 2048 2048 2081 0 0 0 0 0 
0 0 0 0 0 2048 0 0 0 0 0 3105 1024 1024 1024 1024 0 0 0 0 2048 0 33 0 0 0 0 0 0 0 0 0 0 0 0 0 0 0 0 0 0 0 0 0 0 0 0 0 33 253 253 253 253 253 252 253 253 253 253 253 253 33 0 0 0 33 0 0 0 0 0 0 0 0 29 3133 0 0 0 0 0 0 0 0 0 61 3101 0 0 0 0 0 0 0 0 0 0 0 0 0 2048 2048 2048 2048 2048 2048 29 3133 0 29 3133 0 0 0 0 0 0 0 0 2048 2048 29 3133 0 0 0 2048 0 
2048 2048 2048 0 0 0 0 0 0 0 0 3105 3072 3072 3072 3072 0 0 0 0 2048 0 33 0 0 0 0 0 0 0 0 0 0 0 0 0 0 0 0 0 0 0 0 0 0 0 0 0 33 253 253 253 253 253 253 253 253 253 253 253 253 33 0 0 0 33 0 0 0 0 0 0 0 0 61 3101 0 0 0 0 0 0 0 0 29 3133 0 0 0 0 0 0 0 0 0 0 0 0 0 0 2048 2048 2048 2048 2048 2048 61 3101 0 61 3101 0 0 2048 2048 2048 0 2048 2048 2048 2048 61 3101 0 0 0 2048 0 
2048 2048 2048 0 0 0 0 0 0 0 0 3105 3072 3072 3072 3072 0 0 0 0 2048 0 2059 2051 2051 2051 2051 2051 2051 2051 2051 2051 2051 2051 2051 2051 1035 0 0 0 0 0 0 0 0 0 0 0 33 253 253 253 253 253 253 253 253 253 253 253 253 33 0 0 0 33 0 0 0 0 0 0 0 29 3133 0 0 0 0 0 0 0 0 0 3092 3101 0 0 0 0 0 0 0 0 0 0 0 0 0 0 2048 2048 2048 2048 114 115 3083 2048 29 3133 0 0 0 2048 2048 2048 0 2048 2048 2048 29 3133 2048 0 0 0 2048 0 
2048 2048 2048 0 0 0 0 0 0 0 0 3105 3072 3072 3072 3072 0 0 0 0 2048 0 0 0 0 0 0 0 0 0 0 0 0 0 0 0 2059 1035 0 0 0 0 0 0 0 0 0 0 33 253 253 253 253 253 253 253 253 253 253 253 253 33 0 0 0 33 0 0 0 0 0 0 0 61 3101 0 0 0 0 0 0 0 0 0 0 0 0 0 0 0 192 196 1216 0 0 0 0 0 0 0 2048 2048 114 115 3187 3186 2048 2048 61 3101 0 0 0 0 0 0 0 2048 2048 2048 61 3101 2048 0 0 0 2048 0 
2048 2048 2048 0 0 0 0 0 0 0 0 3105 2048 3072 3072 3072 0 0 0 0 2048 0 0 0 0 0 0 0 0 0 0 0 0 0 0 0 0 2059 1035 0 0 0 0 0 0 0 0 0 33 253 253 253 253 253 253 253 253 253 253 253 253 33 0 0 0 33 0 0 0 0 0 0 29 3133 0 0 0 0 0 0 0 0 0 0 0 0 0 0 0 0 1224 203 200 0 0 0 0 0 0 0 114 115 3187 3186 2048 2048 0 11 3083 0 0 0 0 0 0 2048 2048 2048 2048 29 3133 2048 2048 0 0 0 2048 0 
2048 2048 2048 0 0 0 0 0 0 0 0 2109 1053 3072 3072 2048 0 0 0 0 2048 0 0 0 0 0 0 0 0 0 0 0 0 0 0 0 0 0 2059 1035 0 0 0 0 0 0 0 0 33 253 253 253 253 253 253 253 253 253 253 253 253 33 0 0 0 33 0 0 0 0 0 0 55 116 0 0 0 0 0 0 0 0 0 0 0 0 0 0 0 0 2240 2244 3264 0 0 0 0 0 114 115 3187 3186 2048 2048 2048 2048 11 3083 2048 0 0 0 0 0 0 2048 2048 2048 2048 61 3101 2048 2048 0 0 0 2048 0 
2048 2048 2048 2048 0 0 0 0 0 0 0 2077 1085 3072 3072 2048 0 0 0 0 0 0 0 0 0 0 0 0 0 0 0 0 0 0 0 0 0 0 0 2059 1035 0 0 0 0 0 0 0 33 253 253 253 253 253 253 253 253 253 253 253 253 33 0 0 0 33 0 0 0 0 0 0 0 0 0 0 0 0 0 0 0 0 0 0 0 0 0 0 0 0 0 0 0 0 0 0 0 66 3187 3186 0 0 0 0 114 115 3083 2048 0 0 0 0 0 0 0 2048 2048 114 115 3083 2048 2048 2048 0 0 0 2048 0 
2048 2048 2048 2048 0 0 0 0 0 0 0 3072 2109 1053 3072 2048 0 0 0 0 0 0 0 0 0 0 0 0 0 0 0 0 0 0 0 0 0 0 0 0 2059 1035 0 0 0 0 0 0 2059 2051 2051 2051 2051 2051 2051 2051 2051 2051 5 2051 2051 3083 0 0 0 33 0 0 0 0 0 0 0 0 0 0 0 0 0 0 0 0 0 0 0 0 0 0 0 0 0 0 0 0 0 0 0 33 0 0 0 0 114 115 3187 3186 0 0 0 0 0 0 0 0 0 114 115 3187 3186 2048 2048 2048 2048 0 0 0 2048 0 
0 0 0 0 0 0 0 0 0 0 0 3072 2077 1085 3072 2048 0 0 0 0 0 0 0 0 0 0 0 0 0 0 0 0 0 0 0 0 0 0 0 0 0 2059 1035 0 0 0 0 0 0 0 0 0 0 0 0 0 0 0 33 0 0 0 0 0 0 33 0 0 0 0 0 0 0 0 0 0 0 0 0 0 0 0 0 0 0 0 0 0 0 0 0 0 0 0 0 0 0 33 0 0 0 66 3187 3186 0 0 0 0 0 0 0 0 0 114 115 3187 3186 2048 2048 2048 2048 2048 2048 0 0 0 2048 0 
0 0 0 0 0 0 0 0 0 0 0 3072 3072 2059 1035 2048 2048 2048 1024 1024 0 0 0 0 0 0 0 0 0 0 0 0 0 0 0 0 0 0 0 0 0 0 1072 1035 0 0 0 0 0 0 0 0 0 0 0 0 0 0 33 0 0 0 0 0 0 33 0 0 0 0 0 0 0 0 0 0 0 0 0 0 0 0 0 0 0 0 0 0 0 0 0 0 0 0 0 0 0 33 3072 0 0 1057 0 0 0 0 0 0 0 0 0 0 66 3187 3186 0 0 0 2048 2048 0 0 0 0 0 0 2048 0 
0 0 0 0 0 0 0 0 0 0 0 2048 3072 3072 2059 1035 2048 2048 2048 2048 0 0 0 0 0 0 0 0 0 0 0 0 0 0 0 0 0 0 0 0 0 0 33 2059 1035 0 0 0 0 0 0 0 0 0 0 0 0 0 33 0 0 0 0 0 0 33 0 0 0 0 0 0 0 2097 2098 2051 2051 2051 2051 2051 2051 2051 2051 2051 2051 2051 2051 2051 2051 2051 2051 2051 2051 2051 2051 2051 2051 3076 0 0 0 1057 0 0 0 0 0 0 0 0 0 0 1057 0 0 0 0 0 0 0 0 0 0 0 0 0 2048 0 
0 0 0 0 0 0 0 0 0 0 0 2048 3072 3072 3072 2059 1035 2048 2048 2048 2048 0 0 0 0 0 0 0 0 0 0 0 0 0 0 0 0 0 0 0 0 0 33 0 2059 1035 0 0 0 0 0 0 0 0 0 0 0 0 33 0 0 0 0 0 0 33 0 0 0 0 0 0 0 2077 1085 0 0 0 0 0 0 0 0 0 0 0 0 0 0 0 0 0 0 0 0 0 0 0 0 0 0 1057 0 0 0 0 0 0 0 0 0 0 1057 0 0 0 0 0 0 0 0 0 0 0 0 0 2048 0 
0 0 0 0 0 0 0 0 3072 3072 0 0 0 0 0 0 2059 1139 1138 3072 3072 0 0 0 0 0 0 0 0 0 0 0 0 0 0 0 0 0 0 0 0 0 33 0 0 2059 1035 0 0 0 0 0 0 0 0 0 0 0 33 0 0 0 0 0 0 33 0 0 0 0 0 0 0 0 2109 1053 0 0 0 0 0 0 0 0 0 0 0 0 0 0 0 0 0 0 0 0 0 0 0 0 0 1057 0 0 0 0 192 1216 0 0 0 0 1057 0 0 0 0 2048 2048 2048 2048 2048 2048 0 0 0 0 0 
0 0 0 0 0 0 0 0 0 0 0 0 0 0 0 0 2048 2162 2163 1139 1138 0 0 0 0 0 0 0 0 0 0 0 0 0 0 0 0 0 0 0 0 0 33 0 0 0 2059 1035 0 0 0 0 0 0 0 0 0 0 33 0 0 0 0 0 0 33 0 0 0 0 0 0 0 0 2077 1085 0 0 0 0 0 0 0 0 0 0 0 0 0 0 0 0 0 0 0 0 0 0 0 0 0 1057 0 0 0 0 1224 200 0 0 0 0 1057 0 0 0 0 0 2048 2048 0 0 0 0 0 0 0 0 
0 0 0 0 0 0 0 0 0 0 0 0 1024 1024 0 0 2048 3072 3072 2162 2163 2051 2051 2051 2051 2051 2051 2051 2051 2051 2051 2051 2051 2051 1035 0 0 0 0 0 0 0 33 0 0 0 0 2059 1035 0 0 0 0 0 0 0 0 0 33 0 0 0 0 0 0 33 0 0 0 0 0 0 0 0 0 2109 1053 0 0 0 11 2051 2051 2051 2051 2051 2051 2051 2051 2051 2051 2051 2051 2051 2051 2051 2051 2051 3075 3075 3075 3083 0 0 0 0 1224 200 0 0 0 0 1057 0 0 0 0 0 0 0 0 0 0 0 0 0 0 0 
0 0 0 0 0 0 0 0 0 0 0 0 1024 1024 0 0 0 0 0 0 0 0 0 0 0 0 0 0 0 0 0 0 0 114 3144 0 0 0 0 0 0 0 2059 1035 0 0 0 0 2059 1035 0 0 0 0 0 0 0 0 33 0 0 0 0 0 0 33 0 0 0 0 0 0 0 0 0 2077 1085 0 0 0 33 0 0 0 0 0 0 0 0 0 0 0 0 0 0 0 0 0 0 0 0 0 0 0 0 0 1224 200 0 0 0 0 1057 0 0 0 0 0 0 0 0 0 0 0 0 0 0 0 
0 0 0 0 0 0 0 0 0 0 0 0 1024 1024 3072 3072 0 0 0 0 0 1024 1024 1024 0 0 0 0 0 1024 1024 114 115 3187 3186 0 0 0 0 0 0 0 0 2059 1035 0 0 0 0 2059 1035 0 0 0 0 0 0 0 33 0 0 0 0 0 0 33 0 0 0 0 0 0 0 0 0 0 2109 1053 0 0 33 0 0 0 0 0 0 0 0 0 0 0 0 0 0 0 0 0 0 0 0 0 0 0 0 1024 2240 3264 0 0 0 0 1057 0 0 0 0 0 0 0 0 0 0 0 0 0 0 0 
0 0 0 0 0 0 0 0 0 0 0 0 0 0 0 0 0 0 0 0 0 1024 1024 1024 0 0 0 0 0 114 115 3187 3186 0 0 0 0 0 0 0 0 0 0 0 2059 1035 0 0 0 0 2059 1035 0 0 0 0 0 0 2059 1035 0 0 0 0 0 33 0 0 0 0 0 0 0 0 0 0 2077 1085 0 0 33 0 0 0 0 0 0 0 0 0 0 0 0 0 0 0 0 0 0 0 0 0 0 0 0 1024 0 0 0 0 0 0 1057 0 0 0 0 0 0 0 0 0 0 0 0 0 0 0 
0 0 0 0 0 0 0 0 0 0 0 0 0 0 0 0 0 0 0 0 0 0 0 0 0 0 0 0 11 3187 3186 1024 1024 0 0 0 0 0 0 0 0 0 0 0 0 2059 1035 0 0 0 0 2059 1035 0 0 0 0 0 0 2059 1035 0 0 0 0 33 0 0 0 0 0 0 0 0 0 0 0 2109 1053 0 1057 1024 3072 3072 1024 0 0 0 0 0 0 0 0 0 0 0 0 0 0 0 0 0 0 0 0 0 0 0 0 0 0 0 1057 0 0 0 0 0 0 0 0 0 0 0 0 0 0 0 
0 0 0 0 0 0 0 0 0 0 0 0 0 0 0 0 0 0 0 0 0 0 0 0 1024 1024 1024 11 3083 0 0 0 0 0 0 0 0 0 0 192 1216 0 0 0 0 0 33 0 0 0 0 0 2059 1035 0 0 0 0 0 0 2059 1035 0 0 11 3083 0 0 0 0 0 0 0 0 0 0 0 2077 1085 0 1057 1024 3072 3072 1024 192 1216 0 0 0 0 0 0 0 0 0 0 0 0 0 0 0 0 0 0 0 0 0 0 0 0 0 1057 0 0 0 0 0 0 0 0 0 0 0 0 0 0 0 
0 0 0 0 0 0 0 0 0 0 0 0 0 0 0 0 0 0 0 0 0 0 0 0 1024 1024 11 3083 2048 2048 2048 3072 3072 0 0 0 0 0 0 2240 3264 0 0 0 0 0 33 0 0 0 0 0 0 2059 1035 0 0 0 0 0 0 2059 1035 11 3083 1024 0 0 0 0 0 0 0 0 0 0 0 0 2109 1053 1057 1024 3072 3072 1024 2240 3264 0 0 0 0 0 0 0 0 0 0 0 0 0 0 0 0 0 0 0 0 0 0 0 0 0 1057 0 0 0 0 0 0 0 0 0 0 0 0 0 0 0 
0 0 0 0 0 0 0 0 0 0 0 0 0 0 0 0 0 0 0 0 0 0 0 1024 1024 11 3083 0 2048 2048 0 0 0 0 0 0 0 0 0 0 0 0 0 0 0 0 33 0 0 0 0 0 0 0 2059 1035 0 0 0 0 0 0 2059 3083 0 1024 0 0 0 0 0 0 0 0 0 0 0 0 2077 1085 1057 1024 3072 3072 1024 0 0 0 0 0 0 0 11 2051 2051 2051 2051 2051 2051 2051 2051 2051 2051 2051 2051 2051 2051 2051 2051 3075 3075 3075 3083 0 0 0 0 0 0 0 0 0 0 0 0 0 0 0 
0 0 0 0 0 0 0 0 0 0 0 0 0 0 0 0 0 0 0 0 0 0 0 1024 29 3133 1024 0 3072 3072 0 0 0 0 0 0 0 0 0 0 0 0 0 0 0 0 33 0 0 0 0 0 0 0 0 2059 1035 0 0 0 0 0 0 0 0 0 0 0 0 4 2051 2051 2051 2051 2051 2051 2051 2051 2051 3083 1057 1024 3072 3072 1024 0 0 0 0 0 0 11 3083 0 0 0 0 0 0 0 0 0 0 0 0 0 0 0 0 0 0 0 0 0 0 0 0 0 0 0 0 0 0 0 0 0 0 0 
0 0 0 0 0 0 0 0 0 0 0 0 0 0 0 0 0 0 0 0 0 0 0 1024 61 3101 1024 0 3072 3072 0 0 0 0 0 0 0 0 0 0 0 0 0 0 0 0 33 0 0 0 0 0 0 0 0 0 33 0 0 0 0 0 0 0 0 0 0 0 0 33 0 0 0 0 0 0 0 0 0 0 1057 0 3072 3072 1024 0 0 0 0 0 11 3083 0 0 0 0 0 0 0 0 0 0 0 0 0 0 0 0 0 0 0 0 0 0 0 0 0 0 0 0 0 0 0 0 0 0 0 0 
0 0 0 0 0 0 0 0 0 0 0 0 0 0 0 0 0 0 2048 2048 2048 0 0 29 3133 1024 1024 0 0 0 0 0 0 0 0 0 0 0 0 0 0 0 0 0 0 114 3144 0 0 0 0 0 0 0 0 0 33 254 254 254 254 254 254 254 254 254 254 254 254 33 0 0 0 0 0 0 0 0 0 0 1057 1024 3072 3072 1024 0 0 0 0 11 3083 0 0 0 0 0 0 0 0 0 0 0 0 0 0 0 0 0 0 0 0 0 0 0 0 0 0 0 0 0 0 0 0 0 0 0 0 0 
0 0 0 0 0 0 0 0 0 0 0 0 0 0 0 0 0 0 0 0 0 1024 1024 61 3101 1024 1024 0 0 0 0 0 0 0 0 0 0 0 0 114 115 2051 2051 2051 2051 3187 3186 0 0 0 0 0 0 0 0 0 33 254 254 254 254 254 254 254 254 254 254 254 254 33 0 0 0 0 0 0 0 0 0 0 1057 1024 3072 3072 1024 0 0 0 11 3083 0 0 0 0 0 0 0 0 0 0 0 0 0 0 0 0 0 0 0 0 0 0 0 0 0 0 0 0 0 0 0 0 0 0 0 0 0 0 
0 0 0 0 0 0 0 0 0 0 0 0 0 0 0 0 0 0 0 0 0 1024 1024 1057 0 1024 1024 1024 0 0 0 0 0 0 0 1024 1024 1024 11 3187 3186 0 0 0 0 0 0 0 0 0 0 0 0 0 0 0 33 254 254 254 254 254 254 254 254 254 254 254 254 33 0 0 0 0 0 0 0 0 0 0 1057 1024 3072 3072 1024 0 0 0 33 2048 2048 0 0 0 0 0 0 0 0 0 0 0 0 0 0 0 0 0 0 0 0 0 0 0 0 0 0 0 0 0 0 0 0 0 0 0 0 0 
0 0 0 0 0 0 0 0 0 0 0 0 0 0 0 0 0 0 0 0 0 1024 1024 1057 1024 1024 1024 1024 0 0 0 0 0 0 0 1024 1024 11 3083 0 0 0 0 0 0 0 0 0 0 0 0 0 0 0 0 0 33 254 254 254 254 254 254 254 254 254 254 254 254 33 0 0 0 0 0 0 0 0 0 0 1057 1024 3072 3072 1024 0 0 0 33 0 0 0 0 0 0 0 0 0 0 0 0 0 0 0 0 0 0 0 0 0 0 0 0 0 0 0 0 0 0 0 0 0 0 0 0 0 0 0 
0 0 0 0 0 0 0 0 0 0 0 0 0 0 0 0 0 0 0 0 0 1024 1024 1057 1024 1024 1024 1024 0 0 0 0 0 0 1024 1024 11 3083 0 0 0 0 0 0 0 0 0 0 0 0 0 0 0 0 0 0 33 254 254 254 254 254 254 254 254 254 254 254 254 33 0 0 0 0 0 0 0 0 0 0 1057 1024 3072 3072 1024 0 0 0 33 0 0 0 0 0 0 0 0 0 0 0 0 0 0 0 0 0 0 0 0 0 0 0 0 0 0 0 0 0 0 0 0 0 0 0 0 0 0 0 
0 0 0 0 0 0 0 0 0 0 0 0 0 0 0 0 0 0 0 0 0 1024 1024 1057 1024 1024 1024 1024 0 0 0 0 0 0 1024 29 3133 1024 0 0 0 0 0 0 0 0 0 0 0 0 0 0 0 0 0 0 33 254 254 254 254 254 255 254 254 254 254 254 254 33 0 0 0 0 0 0 0 0 0 0 1057 1024 3072 3072 1024 0 0 0 33 2048 2048 0 0 0 0 0 0 0 0 0 0 0 0 0 0 0 0 0 0 0 0 0 0 0 0 0 0 0 0 0 0 0 0 0 0 0 0 0 
0 0 0 0 0 0 0 0 0 0 0 0 0 0 0 0 0 0 0 0 0 3072 3072 1057 3072 3072 3072 3072 0 0 0 0 0 0 1024 61 3101 1024 0 0 0 0 0 0 0 0 0 0 0 0 0 0 0 0 0 0 33 254 254 254 254 254 254 254 254 254 254 254 254 33 0 0 11 2051 2051 2051 2051 3075 3075 3075 3083 0 3072 3072 1024 0 0 0 33 0 0 0 0 0 0 0 0 0 0 0 0 0 0 0 0 0 0 0 0 0 0 0 0 0 0 0 0 0 0 0 0 0 0 0 0 0 0 0 
0 0 0 0 0 0 0 0 0 0 0 0 0 0 0 0 0 0 0 0 0 3072 3072 3105 3072 3072 3072 3072 0 0 0 0 0 0 29 3133 1024 1024 0 0 0 0 0 0 0 0 0 0 0 0 0 0 0 0 0 0 33 254 254 254 254 254 254 254 254 254 254 254 254 33 0 0 33 0 0 0 0 0 0 0 0 1024 3072 3072 1024 0 0 0 33 0 0 0 0 0 0 0 0 0 0 0 0 0 0 0 0 0 0 0 0 0 0 0 0 0 0 0 0 0 0 0 0 0 0 0 0 0 0 0 
0 0 0 0 0 0 0 0 0 0 0 0 0 0 0 0 0 0 0 0 0 3072 3072 3105 3072 3072 3072 3072 0 0 0 0 0 0 61 3101 1024 1024 0 0 0 0 0 0 0 0 0 0 0 0 0 0 0 0 0 0 33 254 254 254 254 254 254 254 254 254 254 254 254 33 0 0 33 0 0 0 0 0 0 0 0 1024 3072 3072 1024 0 0 0 33 0 0 0 0 0 0 0 0 0 0 0 0 0 0 0 0 0 0 0 0 0 0 0 0 0 0 0 0 0 0 0 0 0 0 0 0 0 0 0 
0 0 0 0 0 0 0 0 0 0 0 0 0 0 0 0 0 0 0 0 0 3072 3072 3105 3072 3072 3072 3072 0 0 0 0 0 0 1057 0 1024 1024 0 0 0 0 0 0 0 0 0 0 0 0 0 0 0 0 0 0 33 254 254 254 254 254 254 254 254 254 254 254 254 33 0 0 33 0 0 0 0 0 0 0 0 1024 3072 3072 1024 0 0 0 2081 0 0 0 0 0 0 0 0 0 0 0 0 0 0 0 0 0 0 0 0 0 0 0 0 0 0 0 0 0 0 0 0 0 0 0 0 0 0 0 
0 0 0 0 0 0 0 0 0 0 0 0 0 0 0 0 0 0 0 0 0 3072 3072 3105 3072 3072 3072 3072 0 0 0 0 0 0 1057 1024 1024 1024 0 0 0 0 0 2048 0 0 0 0 0 0 0 0 0 0 0 0 33 254 254 254 254 254 254 254 254 254 254 254 254 33 0 0 33 0 0 0 0 0 0 0 0 1024 3072 3072 1024 0 0 0 2081 0 0 0 0 0 0 0 0 0 0 0 0 0 0 0 0 0 0 0 0 0 0 0 0 0 0 0 0 0 0 0 0 0 0 0 0 0 0 0 
0 0 0 0 0 0 0 0 0 0 0 0 0 0 0 0 0 0 0 0 0 0 0 1057 2048 2048 2048 2048 0 0 0 0 0 0 1057 0 0 0 0 0 0 0 0 2048 0 0 0 0 0 0 0 0 0 0 0 0 33 254 254 254 254 254 254 254 254 254 254 254 254 33 0 0 33 0 0 0 0 0 0 0 0 1024 3072 3072 1024 0 0 0 33 0 0 0 0 0 0 0 0 0 0 0 0 0 0 0 0 0 0 0 0 0 0 0 0 0 0 0 0 0 0 0 0 0 0 0 0 0 0 0 
0 0 0 0 0 0 0 0 0 0 0 0 0 0 0 0 0 0 0 0 0 0 0 3105 2048 2048 2048 2048 0 0 0 0 0 0 1057 1024 0 0 0 0 0 0 0 2048 0 0 0 0 0 0 0 0 0 0 0 0 2059 2051 2051 2051 2051 2051 2051 2051 2051 2051 2051 2051 2051 3083 0 0 33 0 0 0 0 0 0 0 0 1024 3072 3072 1024 0 0 0 33 0 0 0 0 0 0 0 0 0 0 0 0 0 0 0 0 0 0 0 0 0 0 0 0 0 0 0 0 0 0 0 0 0 0 0 0 0 0 0 
0 0 0 0 0 0 0 0 0 0 0 0 0 0 0 0 0 0 0 0 0 0 0 3105 2048 2048 2048 2048 0 0 0 0 0 0 1057 1024 0 0 0 0 0 0 0 0 0 0 0 0 0 0 0 0 0 0 0 0 0 0 0 0 0 0 0 0 0 0 0 0 0 0 0 0 33 0 0 0 0 3072 3072 3072 3072 3072 3072 3072 1024 0 0 0 33 0 0 0 0 0 0 0 0 0 0 0 0 0 0 0 0 0 0 0 0 0 0 0 0 0 0 0 0 0 0 0 0 0 0 0 0 0 0 0 
0 0 0 0 0 0 0 0 0 0 0 0 0 0 0 0 0 0 0 0 0 0 0 3105 2048 2048 2048 2048 0 0 0 0 0 2048 1057 1024 0 0 0 0 0 0 0 0 0 0 0 0 0 0 0 0 0 0 0 0 0 0 0 0 0 0 0 0 0 0 0 0 0 0 0 0 2059 3 3 3 3 1027 1027 1027 1035 3072 3072 3072 1024 0 0 0 33 0 0 0 0 0 0 0 0 0 0 0 0 0 0 0 0 0 0 0 0 0 0 0 0 0 0 0 0 0 0 0 0 0 0 0 0 0 0 0 
0 0 0 0 0 0 0 0 0 0 0 0 0 0 0 0 0 0 0 0 0 0 0 1057 2048 2048 2048 2048 0 0 0 0 0 0 1057 3072 0 0 0 0 0 0 0 0 0 0 0 0 0 0 0 0 0 0 0 0 0 0 0 0 0 0 0 0 0 0 0 0 0 0 0 0 0 2048 2048 2048 2048 3072 3072 3072 3105 3072 3072 3072 1024 0 0 0 2081 0 0 0 0 0 0 0 0 0 0 0 0 0 0 0 0 0 0 0 0 0 0 0 0 0 0 0 0 0 0 0 0 0 0 0 0 0 0 0 
0 0 0 0 0 0 0 0 0 0 0 0 0 0 0 0 0 0 0 0 0 0 0 1057 1024 1024 1024 1024 0 0 0 2048 2048 0 3105 3072 0 0 0 0 0 0 0 0 0 0 0 0 0 0 0 0 0 0 0 0 0 0 0 0 0 0 0 0 0 0 0 0 0 0 0 0 0 2048 2048 2048 2048 3072 3072 3072 3105 3072 3072 3072 1024 0 0 0 2081 0 0 0 0 0 0 0 0 0 0 0 0 0 0 0 0 0 0 0 0 0 0 0 0 0 0 0 0 0 0 0 0 0 0 0 0 0 0 0 
0 0 0 0 0 0 0 0 0 0 0 0 0 0 0 0 0 0 0 0 0 0 0 1057 1024 1024 1024 1024 0 0 0 2048 2048 0 3105 3072 0 0 0 0 0 0 0 0 0 0 0 0 0 0 0 0 0 0 0 0 0 0 0 0 0 0 0 0 0 0 0 0 0 0 0 0 0 2048 2048 2048 2048 3072 3072 3072 3105 3072 3072 3072 1024 0 0 0 2081 0 0 0 0 0 0 0 0 0 0 0 0 0 0 0 0 0 0 0 0 0 0 0 0 0 0 0 0 0 0 0 0 0 0 0 0 0 0 0 
0 0 0 0 0 0 0 0 0 0 0 0 0 0 0 0 0 0 0 0 0 0 0 1057 1024 1024 1024 1024 0 0 0 2048 2048 0 3105 3072 0 0 0 0 0 0 0 0 0 0 0 0 0 0 0 0 0 0 0 0 0 0 0 0 0 0 0 0 0 0 0 0 0 0 0 0 0 2048 2048 2048 2048 3072 3072 3072 3105 3072 3072 3072 1024 0 0 0 33 1024 1024 0 0 0 0 0 0 0 0 0 0 0 0 0 0 0 0 0 0 0 0 0 0 0 0 0 0 0 0 0 0 0 0 0 0 0 0 0 
0 0 0 0 0 0 0 0 0 0 0 0 0 0 0 0 0 0 0 0 0 0 0 1057 1024 1024 1024 1024 0 0 0 2048 2048 0 3105 3072 0 0 0 0 0 0 0 0 0 0 0 0 0 0 0 0 0 0 0 0 0 0 0 0 0 0 0 0 0 0 0 0 0 0 0 0 0 2048 2048 2048 2048 3072 3072 3072 3105 3072 3072 3072 1024 0 0 0 33 1024 1024 0 0 0 0 0 0 0 0 0 0 0 0 0 0 0 0 0 0 0 0 0 0 0 0 0 0 0 0 0 0 0 0 0 0 0 0 0 
0 0 0 0 0 0 0 0 0 0 0 0 0 0 0 0 0 0 0 0 0 0 0 3105 1024 1024 1024 1024 0 0 0 2048 2048 0 2059 2051 2051 2051 2051 2051 2051 2051 2051 2051 2051 2051 2051 2051 2051 2051 2051 2051 2051 2051 2051 2051 2051 2051 2051 1035 0 0 0 1024 1024 1024 11 2051 2051 2051 2051 2051 2051 2051 2051 2051 2051 3075 3075 3075 3083 1024 3072 3072 1024 0 0 0 33 1024 1024 0 0 0 0 0 0 0 0 0 0 0 0 0 0 0 0 0 0 0 0 0 0 0 0 0 0 0 0 0 0 0 0 0 0 0 0 0 
0 0 0 0 0 0 0 0 0 0 0 0 0 0 0 0 0 0 0 0 0 0 0 1057 3072 3072 1024 1024 0 0 0 2048 2048 0 0 0 0 0 0 0 0 0 0 0 0 0 0 2048 2048 2048 2048 2048 2048 2048 2048 2048 2048 2048 2048 2059 1035 0 0 1024 1024 11 3083 2048 2048 2048 2048 2048 2048 2048 2048 2048 2048 1024 1024 1024 1024 1024 3072 0 0 0 0 0 33 1024 1024 0 0 0 0 0 0 0 0 0 0 0 0 0 0 0 0 0 0 0 0 0 0 0 0 0 0 0 0 0 0 0 0 0 0 0 0 0 
0 0 0 0 0 0 0 0 0 0 0 0 0 0 0 0 0 0 0 0 0 0 0 1057 3072 3072 1024 1024 0 0 0 2048 2048 0 0 0 0 0 0 0 0 0 0 0 0 0 0 0 0 0 0 0 0 0 0 0 0 0 0 0 2059 1035 0 1024 11 3083 1024 0 0 0 0 0 0 0 0 0 0 1024 1024 1024 1024 1024 3072 0 0 0 3072 3072 2081 1024 1024 0 1024 1024 0 0 0 0 0 0 0 0 0 0 0 0 0 0 0 0 0 0 0 0 0 0 0 0 0 0 0 0 0 0 0 0 0 0 
0 0 0 0 0 0 0 0 0 0 0 0 0 0 0 0 0 0 0 0 0 0 0 1057 3072 3072 3072 3072 0 0 0 2048 2048 0 0 0 0 0 0 0 0 0 0 0 0 0 0 0 0 0 0 0 0 0 0 0 0 0 0 0 0 2059 1035 11 3083 1024 1024 0 0 0 0 0 0 0 0 0 0 0 0 0 0 0 0 0 0 0 3072 3072 2081 1024 1024 0 1024 1024 0 0 0 0 0 0 0 0 0 0 0 0 0 0 0 0 0 0 0 0 0 0 0 0 0 0 0 0 0 0 0 0 0 0 
0 0 0 0 0 0 0 0 0 0 0 0 0 0 0 0 0 0 0 0 0 0 0 1057 0 3072 3072 3072 0 0 0 0 0 0 0 0 0 0 0 0 0 0 0 0 0 0 0 0 0 0 0 0 0 0 0 0 0 0 0 0 0 0 2059 3083 1024 1024 1024 0 0 0 0 0 0 0 0 0 0 0 0 0 0 0 0 0 0 3072 3072 3072 2081 1024 1024 0 1024 1024 0 0 0 0 0 0 0 0 0 0 0 0 0 0 0 0 0 0 0 0 0 0 0 0 0 0 0 0 0 0 0 0 0 0 
0 0 0 0 0 0 0 0 0 0 0 0 0 0 0 0 0 0 0 0 0 0 0 1057 0 3072 3072 3072 0 0 0 0 0 0 0 0 0 0 0 0 0 0 0 0 0 0 0 0 0 0 0 0 0 0 0 0 0 0 0 0 0 0 0 0 0 0 0 0 0 0 0 0 0 0 0 0 0 0 0 0 0 0 0 0 0 3072 1024 29 3133 1024 1024 0 1024 1024 0 0 0 0 0 0 0 0 0 0 0 0 0 0 0 0 0 0 0 0 0 0 0 0 0 0 0 0 0 0 0 0 0 0 
0 0 0 0 0 0 0 0 0 0 0 0 0 0 0 0 0 0 0 0 0 0 0 3105 0 3072 3072 3072 0 0 0 0 0 0 0 0 0 0 0 0 0 0 0 0 0 0 0 0 0 0 0 0 0 0 0 0 0 0 0 0 0 0 0 0 0 0 0 0 0 0 0 0 0 0 0 0 0 0 0 0 0 0 0 0 0 3072 1024 61 3101 1024 1024 0 1024 1024 0 0 0 0 0 0 0 0 0 0 0 0 0 0 0 0 0 0 0 0 0 0 0 0 0 0 0 0 0 0 0 0 0 0 
0 0 0 0 0 0 0 0 0 0 0 0 0 0 0 0 0 0 0 0 0 0 0 3105 0 3072 3072 2048 0 0 0 0 0 0 0 0 0 0 0 0 0 0 0 0 0 0 0 0 0 0 0 0 0 0 0 0 0 0 0 0 0 0 0 0 0 0 0 0 0 0 0 0 0 0 0 0 0 0 0 0 0 0 0 0 0 3072 29 3133 1024 2048 2048 3072 1024 1024 0 0 0 0 0 0 0 0 0 0 0 0 0 0 0 0 0 0 0 0 0 0 0 0 0 0 0 0 0 0 0 0 0 0 
0 0 0 0 0 0 0 0 0 0 0 0 0 0 0 0 0 0 0 0 0 0 0 3105 0 0 0 0 0 0 0 0 0 0 0 0 0 0 0 0 0 0 0 0 0 0 0 0 0 0 0 0 0 0 0 0 0 0 0 0 0 0 0 0 0 0 0 0 0 0 0 0 0 2048 2048 2048 2048 1024 1024 1024 1024 1024 3072 3072 3072 3072 61 3101 1024 2048 2048 3072 1024 1024 0 0 0 0 0 0 0 0 0 0 0 0 0 0 0 0 0 0 0 0 0 0 0 0 0 0 0 0 0 0 0 0 0 0 
0 0 0 0 0 0 0 0 0 0 0 0 2048 2048 2048 2048 2048 0 0 0 0 0 0 3105 0 0 0 0 0 0 0 0 0 0 0 0 0 0 0 1024 1024 0 0 0 0 0 0 0 0 0 2048 2048 2048 2048 2048 2048 2048 2048 2048 2048 2048 2048 2048 2048 2048 2048 2048 2048 0 0 0 0 0 0 0 0 0 1024 1024 1024 1024 1024 2048 2048 114 115 3083 1024 1024 1024 1024 1024 1024 2048 0 0 0 0 0 0 0 0 0 0 0 0 0 0 0 0 0 0 0 0 0 0 0 0 0 0 0 0 0 0 0 0 0 0 
0 0 0 0 0 0 0 0 0 0 0 0 2048 2048 2048 2048 2048 0 0 0 0 0 0 3105 0 0 0 0 0 0 0 0 0 3072 1024 2048 2048 2048 2048 2048 2048 2048 2048 2048 2048 2048 2048 2048 2048 2048 2048 2048 2048 2048 2048 2048 2048 2048 2048 2048 2048 2048 2048 2048 2048 2048 2048 2048 0 0 0 0 0 0 0 0 0 1024 1024 1024 1024 1024 114 115 3187 3186 3072 1024 1024 1024 1024 1024 1024 2048 0 0 0 0 0 0 0 0 0 0 0 0 0 0 0 0 0 0 0 0 0 0 0 0 0 0 0 0 0 0 0 0 0 0 
0 0 0 0 0 0 0 0 0 0 0 0 2048 2048 2048 2048 2048 0 0 0 0 0 0 2059 2051 2051 2051 2051 2051 2051 2051 2051 2051 2051 2051 2051 2051 2051 2051 2051 2051 2051 2051 2051 2051 2051 2051 2051 2051 2051 2051 2051 2051 2051 2051 2051 2051 2051 2051 2051 2051 2051 2051 2051 2051 2051 2051 2051 2051 2051 2051 2051 2051 2051 2051 2051 2051 3075 3075 3075 3075 3075 3187 3186 2048 2048 3072 1024 1024 1024 1024 1024 1024 2048 0 0 0 0 0 0 0 0 0 0 0 0 0 0 0 0 0 0 0 0 0 0 0 0 0 0 0 0 0 0 0 0 0 0 
2048 2048 0 0 0 0 0 0 0 0 0 0 2048 2048 2048 2048 2048 2048 2048 2048 2048 2048 0 0 0 0 0 0 0 0 0 0 0 0 2048 2048 2048 2048 2048 2048 2048 2048 2048 2048 2048 2048 2048 2048 2048 2048 2048 2048 2048 2048 2048 2048 2048 2048 2048 2048 2048 2048 2048 2048 2048 2048 2048 2048 0 0 0 0 0 0 0 0 0 1024 1024 1024 1024 1024 1024 1024 1024 1024 1024 1024 1024 1024 1024 1024 1024 2048 0 0 0 0 0 0 0 0 0 0 0 0 0 0 0 0 0 0 0 0 0 0 0 0 0 0 0 0 0 0 0 0 0 0 
2048 2048 0 0 0 0 0 0 0 0 0 0 2048 2048 2048 2048 2048 2048 2048 2048 2048 2048 2048 2048 2048 2048 2048 2048 2048 2048 2048 2048 2048 2048 2048 2048 2048 2048 2048 2048 2048 2048 2048 2048 2048 2048 2048 2048 2048 2048 2048 2048 2048 2048 2048 2048 2048 2048 2048 2048 2048 2048 2048 2048 2048 2048 2048 2048 0 0 0 0 0 0 0 0 0 1024 1024 0 0 0 1024 1024 1024 1024 1024 2048 2048 2048 2048 2048 2048 2048 0 0 0 0 0 0 0 0 0 0 0 0 0 0 0 0 0 0 0 0 0 0 0 0 0 0 0 0 0 0 0 0 0 0 
0 0 0 0 0 0 0 0 0 0 0 0 2048 0 0 0 0 0 0 0 0 0 0 0 0 0 0 0 0 0 0 0 0 0 0 0 0 0 0 0 0 0 0 0 0 0 0 0 0 0 0 0 0 0 0 0 0 0 0 0 0 0 0 0 0 0 0 0 0 0 0 0 0 0 0 0 0 0 0 0 0 0 0 0 0 0 0 0 0 0 0 0 0 0 0 0 0 0 0 0 0 0 0 0 0 0 0 0 0 0 0 0 0 0 0 0 0 0 0 0 0 0 0 0 0 0 0 0 
