192 128
227 227 0 229 232 0 233 231 0 0 0 0 0 241 224 0 244 224 0 228 0 225 226 232 0 233 230 0 241 225 0 244 226 0 228 0 224 0 233 230 0 241 225 224 0 244 226 0 228 0 227 226 0 233 230 0 241 225 225 0 244 227 0 224 0 233 230 0 233 230 0 241 225 226 0 244 229 0 224 0 230 228 0 233 230 0 241 225 227 0 244 228 0 224 0 225 226 232 0 233 230 0 241 225 229 0 245 226 0 226 224 224 0 233 224 0 225 230 224 0 241 225 230 0 245 226 0 227 224 224 0 233 224 0 225 230 224 0 241 225 231 0 245 227 0 226 228 224 0 233 224 0 225 230 224 0 241 225 232 0 245 224 0 226 224 224 0 233 224 0 225 230 224 0 241 225 233 0 245 224 0 227 224 224 0 233 224 0 225 230 224 0 
241 226 0 247 227 0 224 0 225 226 232 0 226 230 224 0 241 227 0 247 229 0 231 224 0 225 226 232 0 226 230 224 0 241 228 0 247 229 0 224 0 225 233 226 0 226 230 224 0 241 229 0 247 226 0 233 230 0 225 233 226 0 226 230 224 0 241 230 0 247 225 0 233 230 0 225 233 226 0 226 230 224 0 241 231 0 247 228 0 224 0 225 233 226 0 226 230 224 0 0 0 0 0 0 0 0 0 0 0 0 0 0 1024 1024 1024 1024 0 0 0 0 0 0 0 0 0 0 0 0 0 0 0 0 0 0 0 0 0 0 0 0 0 0 0 0 0 0 0 0 0 0 0 0 0 0 0 0 0 0 0 0 0 0 0 0 0 0 0 0 0 0 0 0 0 0 0 0 0 0 0 0 0 0 0 0 0 0 0 0 0 0 0 0 
0 0 0 0 0 0 0 0 0 0 0 0 0 0 0 0 0 0 0 0 0 0 0 0 0 0 0 0 0 0 0 0 0 0 0 0 0 0 0 0 0 0 0 0 0 0 0 0 0 0 0 0 0 0 0 0 0 0 0 0 0 0 0 0 0 0 0 0 0 0 0 0 0 0 0 0 0 0 0 0 0 0 0 0 0 0 0 0 0 0 0 0 0 0 0 0 0 0 0 0 0 0 0 0 0 0 0 0 0 0 0 0 0 0 0 0 0 0 0 0 0 0 0 0 0 0 0 0 0 0 0 0 0 0 0 0 0 0 0 0 0 0 0 0 0 0 0 0 0 0 0 0 0 0 0 0 0 0 0 0 0 0 0 0 0 0 0 0 0 0 0 0 0 0 0 0 0 0 0 0 0 0 0 0 0 0 0 0 0 0 0 0 
0 0 0 0 0 0 0 0 0 0 0 0 0 0 0 0 0 0 0 0 0 0 0 0 0 0 0 0 0 0 0 0 0 0 0 0 0 0 0 0 0 0 0 0 0 0 0 0 0 0 0 0 0 0 0 0 0 0 0 0 0 0 0 0 0 0 0 0 0 0 0 0 0 0 0 0 0 0 0 0 0 0 0 0 0 0 0 0 0 0 0 0 0 0 0 0 0 0 0 0 0 0 0 0 0 0 0 0 0 0 0 0 0 0 0 0 0 0 0 0 0 0 0 0 0 0 0 0 0 0 0 0 0 0 0 0 0 0 0 0 0 0 0 0 0 0 0 0 0 0 0 0 0 0 0 0 0 0 0 0 0 0 0 0 0 0 0 0 0 0 0 0 0 0 0 0 0 0 0 0 0 0 0 0 0 0 0 0 0 0 0 0 
0 0 0 0 0 0 0 0 0 0 0 0 0 0 0 0 0 0 0 0 0 0 0 0 0 0 0 0 0 0 0 0 0 0 0 0 0 0 0 0 0 0 0 0 0 0 0 0 0 0 0 0 0 0 0 0 0 0 0 0 0 0 0 0 0 0 0 0 0 0 0 0 0 0 0 0 0 0 0 0 0 0 0 0 0 0 0 0 0 0 0 0 0 0 0 0 0 0 0 0 0 0 0 0 0 0 0 0 0 0 0 0 0 0 0 0 0 0 0 0 0 0 0 0 0 0 0 0 0 0 0 0 0 0 0 0 0 0 0 0 0 0 0 0 0 0 0 0 0 0 0 0 0 0 0 0 0 0 0 0 0 0 0 0 0 0 0 0 0 0 0 0 0 0 0 0 0 0 0 0 0 0 0 0 0 0 0 0 0 0 0 0 
0 0 0 0 0 0 0 0 0 0 0 0 0 0 0 0 0 0 0 0 0 0 0 0 0 0 0 0 0 0 0 0 0 0 0 0 0 0 0 0 0 0 0 0 0 0 0 0 0 0 0 0 0 0 0 0 0 0 0 0 0 0 0 0 0 0 0 0 0 0 0 0 0 0 0 0 0 0 0 0 0 0 0 0 0 0 0 0 0 0 0 0 0 0 0 0 0 0 0 0 0 0 0 0 0 0 0 0 0 0 0 0 0 0 0 0 0 0 0 0 0 0 0 0 0 0 0 0 0 0 0 0 0 0 0 0 0 0 0 0 0 0 0 0 0 0 0 0 0 0 0 0 0 0 0 0 0 0 0 0 0 0 0 0 0 0 0 0 0 0 0 0 0 0 0 0 0 0 0 0 0 0 0 0 0 0 0 0 0 0 0 0 
0 0 0 0 0 0 0 0 0 0 0 0 0 0 0 0 0 0 0 0 0 0 0 0 0 0 0 0 0 0 0 0 0 0 0 0 0 0 0 0 0 0 0 0 0 0 0 0 0 0 0 0 0 0 0 0 0 0 0 0 0 0 0 0 0 0 0 0 0 0 0 0 0 0 0 0 0 0 0 0 0 0 0 11 3 3 3 3 1035 0 0 0 0 0 0 11 3 3 3 3 1035 0 0 0 0 0 0 11 3 3 3 3 1035 0 0 0 0 0 0 0 0 0 0 0 0 0 0 0 0 0 0 0 0 0 0 0 0 0 0 0 0 0 0 0 0 0 0 0 0 0 0 0 0 0 0 0 0 0 0 0 0 0 0 0 0 0 0 0 0 0 0 0 0 0 0 0 0 0 0 0 0 0 0 0 0 0 0 0 0 0 0 0 
0 0 0 0 0 0 0 0 0 0 0 0 0 0 0 0 0 0 0 0 0 0 0 0 0 0 0 0 0 0 0 0 0 0 0 0 0 0 0 0 0 0 0 0 0 0 0 0 0 0 0 0 0 0 0 0 0 0 0 0 0 0 0 0 0 0 0 0 0 0 0 0 0 0 0 0 0 0 0 0 0 0 0 33 0 0 0 0 1057 1024 1024 1024 1024 1024 1024 33 0 0 0 0 1057 1024 1024 1024 1024 1024 0 33 0 0 0 0 1057 1024 1024 1024 1024 1024 0 0 0 0 0 0 0 0 0 0 0 0 0 0 0 0 0 0 0 0 0 0 0 0 0 0 0 0 0 0 0 0 0 0 0 0 0 0 0 0 0 0 0 0 0 0 0 0 0 0 0 0 0 0 0 0 0 0 0 0 0 0 0 0 0 0 0 0 0 0 0 0 0 0 
0 0 0 0 0 0 0 0 0 0 0 0 0 0 0 0 0 0 0 0 0 0 0 0 0 0 0 0 0 0 0 0 0 0 0 0 0 0 0 0 0 0 0 0 0 0 0 0 0 0 0 0 0 0 0 0 0 0 0 0 0 0 0 0 0 0 0 0 0 0 0 0 0 0 0 0 0 0 0 0 0 0 0 33 0 0 0 0 1057 1024 1024 1024 1024 1024 1024 33 0 0 0 0 1057 1024 1024 1024 1024 1024 0 33 0 0 0 0 1057 1024 1024 1024 1024 1024 0 0 0 0 0 0 0 0 0 0 0 0 0 0 0 0 0 0 0 0 0 0 0 0 0 0 0 0 0 0 0 0 0 0 0 0 0 0 0 0 0 0 0 0 0 0 0 0 0 0 0 0 0 0 0 0 0 0 0 0 0 0 0 0 0 0 0 0 0 0 0 0 0 0 
0 0 0 0 0 0 0 0 0 0 0 0 0 0 0 0 0 0 0 0 0 0 0 0 0 0 0 0 0 0 0 0 0 0 0 0 0 0 0 0 0 0 0 0 0 0 0 0 0 0 0 0 0 0 0 0 0 0 0 0 0 0 0 0 0 0 0 0 0 0 0 0 0 0 0 0 0 0 0 0 0 0 0 33 0 0 0 0 1057 1024 1024 1024 1024 1024 1024 33 0 0 0 0 1057 1024 1024 1024 1024 1024 0 33 0 0 0 0 1057 1024 1024 1024 1024 1024 0 0 0 0 0 0 0 0 0 0 0 0 0 0 0 0 0 0 0 0 0 0 0 0 0 0 0 0 0 0 0 0 0 0 0 0 0 0 0 0 0 0 0 0 0 0 0 0 0 0 0 0 0 0 0 0 0 0 0 0 0 0 0 0 0 0 0 0 0 0 0 0 0 0 
0 0 0 0 0 0 0 0 0 0 0 0 0 0 0 0 0 0 0 0 0 0 0 0 0 0 0 0 0 0 0 0 0 0 0 0 0 0 0 0 0 0 0 0 0 0 0 0 0 0 0 0 0 0 0 0 0 0 0 0 0 0 0 0 0 0 0 0 0 0 0 0 0 0 0 0 0 0 0 0 0 0 0 33 0 0 0 0 1057 1024 1024 1024 1024 1024 1024 33 0 0 0 0 1057 1024 1024 1024 1024 1024 0 33 0 0 0 0 1057 1024 1024 1024 1024 1024 0 0 0 0 0 0 0 0 0 0 0 0 0 0 0 0 0 0 0 0 0 0 0 0 0 0 0 0 0 0 0 0 0 0 0 0 0 0 0 0 0 0 0 0 0 0 0 0 0 0 0 0 0 0 0 0 0 0 0 0 0 0 0 0 0 0 0 0 0 0 0 0 0 0 
0 0 0 0 0 0 0 0 0 0 0 0 0 0 0 0 0 0 0 0 0 0 0 0 0 0 0 0 0 0 0 0 0 0 0 0 0 0 0 0 0 0 0 0 0 0 0 0 0 0 0 0 0 0 0 0 0 0 0 0 0 0 0 0 0 0 0 0 0 0 0 0 0 0 0 0 0 0 0 0 0 0 0 33 240 225 230 0 1057 1024 1024 1024 1024 1024 1024 33 240 225 229 0 1057 1024 1024 1024 1024 1024 0 33 240 225 230 0 1057 1024 1024 1024 1024 1024 0 0 0 0 0 0 0 0 0 0 0 0 0 0 0 0 0 0 0 0 0 0 0 0 0 0 0 0 0 0 0 0 0 0 0 0 0 0 0 0 0 0 0 0 0 0 0 0 0 0 0 0 0 0 0 0 0 0 0 0 0 0 0 0 0 0 0 0 0 0 0 0 0 0 
0 0 0 0 0 0 0 0 0 0 0 0 0 0 0 0 0 0 0 0 0 0 0 0 0 0 0 0 0 0 0 0 0 0 0 0 0 0 0 0 0 0 0 0 0 0 0 0 0 0 0 0 0 0 0 0 0 0 0 0 0 0 11 2051 2051 2051 2051 2051 2051 1035 0 0 0 0 0 0 0 0 0 0 0 0 0 33 0 0 0 0 1057 1024 1024 1024 1024 1024 1024 33 0 0 0 0 1057 1024 1024 1024 1024 1024 0 33 0 0 0 0 1057 1024 1024 1024 1024 1024 0 0 0 0 0 0 0 0 0 0 0 0 0 0 0 0 0 0 0 0 0 0 0 0 0 0 0 0 0 0 0 0 0 0 0 0 0 0 0 0 0 0 0 0 0 0 0 0 0 0 0 0 0 0 0 0 0 0 0 0 0 0 0 0 0 0 0 0 0 0 0 0 0 0 
0 0 0 0 0 0 0 0 0 0 0 0 0 0 0 0 0 0 0 0 0 0 0 0 0 0 0 0 0 0 0 0 0 0 0 0 0 0 0 0 0 0 0 0 0 0 0 0 0 0 0 0 0 0 0 0 0 0 0 0 0 0 2081 2296 0 2296 0 2296 0 3105 0 0 0 0 0 0 0 0 0 0 0 0 0 33 0 0 0 0 1057 1024 1024 1024 1024 1024 1024 33 0 0 0 0 1057 1024 1024 1024 1024 1024 0 33 0 0 0 0 1057 1024 1024 1024 1024 1024 0 0 0 0 0 0 0 0 0 0 0 0 0 0 0 0 0 0 0 0 0 0 0 0 0 0 0 0 0 0 0 0 0 0 0 0 0 0 0 0 0 0 0 0 0 0 0 0 0 0 0 0 0 0 0 0 0 0 0 0 0 0 0 0 0 0 0 0 0 0 0 0 0 0 
0 0 0 0 0 0 0 0 0 0 0 0 0 0 0 0 0 0 0 0 0 0 0 0 0 0 0 0 0 0 0 0 0 0 0 0 0 0 0 0 0 0 0 0 0 0 11 3 3 3 3 3 3 3 3 3 3 3 3 3 3 3 3083 0 0 0 0 0 0 2059 3 3 3 3 3 3 3 3 3 3 3 3 3 80 0 0 0 0 1104 1027 1027 1027 1027 1027 1027 80 0 0 0 0 1104 1027 1027 1027 1027 1027 1027 80 0 0 0 0 1104 1027 1027 1027 1027 1027 1027 1027 1027 1027 1027 1035 0 0 0 0 0 0 0 0 0 0 0 0 0 0 0 0 0 0 0 0 0 0 0 0 0 0 0 0 0 0 0 0 0 0 0 0 0 0 0 0 0 0 0 0 0 0 0 0 0 0 0 0 0 0 0 0 0 0 0 0 0 0 0 0 0 0 0 0 
0 0 0 0 0 0 0 0 0 0 0 0 0 0 0 0 0 0 0 0 0 0 0 0 0 0 0 0 0 0 0 0 0 0 0 0 0 0 0 0 0 0 0 0 0 0 33 234 234 234 234 234 234 234 234 234 234 234 234 0 0 0 0 0 0 0 0 3072 0 0 0 0 0 0 0 0 0 0 0 0 0 0 0 0 0 0 0 0 0 0 0 0 0 0 0 0 0 0 0 0 0 0 0 0 0 0 0 0 0 0 0 0 0 0 0 0 0 0 0 0 0 0 0 2059 1027 1035 0 0 0 0 0 0 0 0 0 0 0 0 0 0 0 0 0 0 0 0 0 0 0 0 0 0 0 0 0 0 0 0 0 0 0 0 0 0 0 0 0 0 0 0 0 0 0 0 0 0 0 0 0 0 0 0 0 0 0 0 0 0 0 0 0 0 
0 0 0 0 0 0 0 0 0 0 0 0 0 0 0 0 0 0 0 0 0 0 0 0 0 0 0 0 0 0 0 0 0 0 0 0 0 0 0 0 0 0 0 0 0 0 33 234 234 234 234 234 234 234 234 234 234 234 234 0 0 0 0 0 0 0 0 0 0 0 0 0 0 0 0 0 0 0 0 0 0 0 0 0 0 0 0 0 0 0 0 0 0 0 0 0 0 0 0 0 0 0 0 0 0 0 0 0 0 0 0 0 0 0 0 0 0 0 0 0 0 0 0 1273 0 33 0 0 0 0 0 0 0 0 0 0 0 0 0 0 0 0 0 0 0 0 0 0 0 0 0 0 0 0 0 0 0 0 0 0 0 0 0 0 0 0 0 0 0 0 0 0 0 0 0 0 0 0 0 0 0 0 0 0 0 0 0 0 0 0 0 0 
0 0 0 0 0 0 0 0 0 0 0 0 0 0 0 0 0 0 0 0 0 0 0 0 0 0 0 0 0 0 0 0 0 0 0 0 0 0 0 0 0 0 0 0 0 0 33 234 234 234 234 234 234 234 234 234 234 234 234 0 0 0 0 0 0 0 0 0 0 0 0 0 0 0 0 0 0 0 0 0 0 0 0 0 0 0 0 0 0 0 0 0 0 0 0 0 0 0 0 0 0 0 0 0 0 0 0 0 0 0 0 0 0 0 0 0 0 0 0 0 0 0 0 1024 0 33 0 0 0 0 0 0 0 0 0 0 0 0 0 0 0 0 0 0 0 0 0 0 0 0 0 0 0 0 0 0 0 0 0 0 0 0 0 0 0 0 0 0 0 0 0 0 0 0 0 0 0 0 0 0 0 0 0 0 0 0 0 0 0 0 0 0 
0 0 0 0 0 0 0 0 0 0 0 0 0 0 0 0 0 0 0 0 0 0 0 0 0 0 0 0 0 0 0 0 0 0 0 0 0 0 0 0 0 0 0 0 0 0 33 234 234 234 234 234 234 234 234 234 234 234 234 0 0 0 0 0 0 0 0 0 0 0 0 0 0 0 0 0 0 0 0 0 0 0 0 0 0 0 0 0 0 0 0 0 0 0 0 0 0 0 0 0 0 0 0 0 0 0 0 0 0 0 0 0 0 0 0 0 0 0 0 0 0 0 0 1273 0 33 0 0 0 0 0 0 0 0 0 0 0 0 0 0 0 0 0 0 0 0 0 0 0 0 0 0 0 0 0 0 0 0 0 0 0 0 0 0 0 0 0 0 0 0 0 0 0 0 0 0 0 0 0 0 0 0 0 0 0 0 0 0 0 0 0 0 
0 0 0 0 0 0 0 0 0 0 0 0 0 0 0 0 0 0 0 0 0 0 0 0 0 0 0 0 0 0 0 0 0 0 0 0 0 0 0 0 0 0 0 0 0 0 33 234 234 234 234 234 234 234 234 234 234 234 234 0 0 0 0 0 0 0 0 0 0 0 0 0 0 0 0 0 0 0 0 0 0 0 0 0 0 0 0 0 0 0 0 0 0 0 0 0 0 0 0 0 0 0 0 0 0 0 0 0 0 0 0 0 0 0 0 0 0 0 0 0 0 0 0 0 0 33 0 0 0 0 0 0 0 0 0 0 0 0 0 0 0 0 0 0 0 0 0 0 0 0 0 0 0 0 0 0 0 0 0 0 0 0 0 0 0 0 0 0 0 0 0 0 0 0 0 0 0 0 0 0 0 0 0 0 0 0 0 0 0 0 0 0 
0 0 0 0 0 0 0 0 0 0 0 0 0 0 0 0 0 0 0 0 0 0 0 0 0 0 0 0 0 0 0 0 0 0 0 0 0 0 0 0 0 0 0 0 0 0 33 234 234 234 234 234 1261 234 234 234 234 234 234 0 0 0 0 0 0 0 0 0 0 0 0 0 0 0 0 0 0 0 0 0 0 0 0 0 0 0 0 0 0 0 0 0 0 0 0 0 0 0 0 0 0 0 0 0 0 0 0 0 0 0 0 0 0 0 0 0 0 0 0 0 0 0 0 11 3075 3083 0 0 0 0 0 0 0 0 0 0 0 0 0 0 0 0 0 0 0 0 0 0 0 0 0 0 0 2048 240 225 224 0 0 0 0 0 0 0 0 0 0 0 0 0 0 0 0 0 0 0 0 0 0 0 0 0 0 0 0 0 0 0 0 0 0 0 
0 0 0 0 0 0 0 0 0 0 0 0 0 0 0 0 0 0 0 0 0 0 0 0 0 0 0 0 0 0 0 0 0 0 0 0 0 0 0 0 0 0 0 0 0 0 33 234 234 234 234 234 234 234 234 234 234 234 234 0 0 0 0 0 0 0 0 0 0 0 0 0 0 0 114 3198 0 0 0 0 0 0 0 0 0 0 114 3198 0 0 0 0 0 0 0 0 0 0 114 3198 0 0 0 0 0 0 0 0 0 0 114 3198 0 0 0 0 0 0 0 0 1024 1024 29 3133 2048 2048 0 0 0 0 0 0 0 0 0 0 0 0 0 0 0 0 0 0 0 0 0 0 0 0 2048 11 3 3 3 3 3 3 3 3 3 3 3 3 3 3 3 3 3 3 1139 1138 0 1024 1024 1024 1024 1024 1024 1024 1024 1024 1024 1024 0 0 0 0 0 0 0 0 
0 0 0 0 0 0 0 0 0 0 0 0 0 0 0 0 0 0 0 0 0 0 0 0 0 0 0 0 0 0 0 0 0 0 0 0 0 0 0 0 0 0 0 0 0 0 33 234 234 234 234 234 234 234 234 234 234 234 234 0 0 0 0 0 0 0 0 0 0 0 0 0 114 115 3187 3167 0 0 0 0 0 0 0 0 114 115 3187 3167 0 0 0 0 0 0 0 0 114 115 3187 3167 0 0 0 0 0 0 0 0 114 115 3187 3167 0 0 0 0 0 0 0 0 1024 1024 61 3101 0 0 0 0 0 0 0 0 0 0 0 0 0 0 0 0 0 0 0 0 0 0 0 0 0 0 2048 33 2048 2048 0 0 0 0 1024 1024 1024 1024 1024 1024 1024 1024 1024 1024 0 0 2162 2163 1139 1138 0 0 0 0 0 0 0 0 0 0 0 0 0 0 0 0 0 0 
0 0 0 0 0 0 0 0 0 0 0 0 0 0 0 0 0 0 0 0 0 0 0 0 0 0 0 0 0 0 0 0 0 0 0 0 0 0 0 0 0 0 0 0 0 0 33 234 234 234 234 234 234 234 234 234 234 234 234 0 0 0 0 0 0 0 0 0 0 0 114 115 3187 3186 0 33 0 0 0 0 0 0 114 115 3187 3186 0 33 0 0 0 0 0 0 114 115 3187 3186 0 33 0 0 0 0 0 0 114 115 3187 3186 114 1089 0 0 0 0 0 0 0 0 1024 29 3133 1024 0 0 0 0 0 0 0 0 0 0 0 0 0 0 0 0 0 0 0 0 0 0 0 0 0 0 3072 33 2048 2048 2048 2048 0 0 1024 1024 1024 1024 1024 1024 1024 1024 1024 1024 1024 1024 1024 0 2162 2163 1139 1138 1024 1024 1024 1024 1024 1024 1024 1024 0 0 0 0 0 0 0 0 
0 0 0 0 0 0 0 0 0 0 0 0 0 0 0 0 0 0 0 0 0 0 0 0 0 0 0 0 0 0 0 0 0 0 0 0 0 0 0 0 0 0 0 0 0 0 33 234 234 234 234 234 234 234 234 234 234 234 234 0 0 0 0 0 0 0 0 0 114 115 3187 3186 0 0 0 33 0 0 0 0 114 115 3187 3186 0 0 0 33 0 0 0 0 114 115 3187 3186 0 0 0 33 0 0 0 0 114 115 3187 3186 114 115 3187 3186 0 0 0 0 0 0 0 0 1024 61 3101 1024 0 0 0 0 0 0 0 0 0 0 0 0 0 0 0 0 0 0 0 0 0 0 0 0 0 0 0 33 2048 2048 2048 3072 0 0 0 0 3072 3072 3072 3072 3072 3072 3072 3072 3072 3072 3072 0 1024 1024 2162 2163 1035 1024 1024 1024 1024 1024 1024 1024 0 0 0 0 0 0 0 0 
0 0 0 0 0 0 0 0 0 0 0 0 0 0 0 0 0 0 0 0 0 0 0 0 0 0 0 0 0 0 0 0 0 0 0 0 0 0 0 0 0 0 0 0 0 0 33 234 234 234 234 234 234 234 234 234 234 234 234 0 0 0 0 0 0 0 114 115 3187 3186 0 0 0 0 0 33 0 0 114 115 3187 3186 0 0 0 0 0 33 0 0 114 115 3187 3186 0 0 0 0 0 33 0 0 114 115 3187 3186 114 115 3187 3186 0 0 0 0 0 0 0 0 0 1024 29 3133 0 0 0 0 0 0 0 0 0 0 0 0 0 0 0 0 0 0 0 0 0 0 0 0 0 0 0 0 0 33 2048 2048 2048 0 0 0 0 0 0 0 0 0 0 3072 3072 3072 3072 3072 3072 0 3072 1024 1024 1024 2059 1035 1024 1024 1024 1024 1024 1024 1024 1024 0 0 0 0 0 0 
0 0 0 0 0 0 0 0 0 0 0 0 0 0 0 0 0 0 0 0 0 0 0 0 0 0 0 0 0 0 0 0 0 0 0 0 0 0 0 0 0 0 0 0 0 0 33 234 234 234 234 234 234 234 234 234 234 234 234 0 0 0 0 0 114 115 3187 3186 0 0 0 0 0 0 0 33 114 115 3187 3186 0 0 0 0 0 0 0 33 114 115 3187 3186 0 0 0 0 0 0 0 33 114 115 3187 3186 0 0 2113 3186 0 0 0 0 0 0 0 0 0 0 0 1024 61 3101 0 0 0 0 0 0 0 0 0 0 0 0 0 0 0 0 0 0 0 0 0 0 0 0 0 0 0 0 0 33 0 0 0 0 0 0 0 0 0 0 0 0 0 3072 3072 3072 3072 3072 3072 3072 3072 1024 1024 1024 1024 2059 1035 1024 1024 1024 1024 0 0 1024 0 0 0 0 0 0 
0 0 0 0 0 0 0 0 0 0 0 0 0 0 0 0 0 0 0 0 0 0 0 0 0 0 0 0 0 0 0 0 0 0 0 0 0 0 0 0 0 0 0 0 0 0 33 0 0 0 0 0 0 0 0 0 0 0 0 2126 2127 3 3 3 3187 3186 0 0 0 0 0 0 0 0 0 1104 3187 3186 0 0 0 0 0 0 0 0 0 1104 3187 3186 0 0 0 0 0 0 0 0 0 1104 3187 3186 0 0 0 0 2059 1035 0 0 0 0 0 0 0 0 0 0 0 29 3133 1024 0 0 0 0 0 0 0 0 0 0 0 0 0 0 0 0 0 0 0 0 0 0 0 0 0 0 0 0 0 33 0 0 0 0 0 0 0 0 0 0 0 0 0 3072 3072 3072 3072 3072 3072 3072 1024 1024 1024 1024 1024 1024 2059 1035 1024 1024 1024 1024 1024 1024 0 0 0 0 0 0 
0 0 0 0 0 0 0 0 0 0 0 0 0 0 0 0 0 0 0 0 0 0 0 0 0 0 0 0 0 0 0 0 0 0 0 0 0 0 0 0 0 0 0 0 0 0 33 0 0 0 0 0 0 0 0 0 0 0 0 0 2059 1035 0 0 0 0 0 0 0 0 0 0 0 0 0 0 0 0 0 0 0 0 0 0 0 0 0 0 0 0 0 0 0 0 0 0 0 0 0 0 0 0 0 0 0 0 0 2059 1035 0 0 0 0 0 0 0 0 0 0 61 3101 1024 0 0 0 0 0 0 0 0 0 0 0 0 0 0 0 0 0 0 0 0 0 0 0 0 0 0 0 0 0 33 0 0 0 0 0 0 0 0 0 0 0 0 0 0 3072 3072 3072 3072 3072 3072 1024 1024 1024 1024 1024 1024 1024 2109 1053 1024 1024 1024 1024 1024 0 0 0 0 0 0 
0 0 0 0 0 0 0 0 0 0 0 0 0 0 0 0 0 0 0 0 0 0 0 0 0 0 0 0 0 0 0 0 0 0 0 0 0 0 0 0 0 0 0 0 0 0 33 0 0 0 0 0 0 0 0 0 0 0 0 0 0 2059 1035 0 0 0 0 0 0 0 0 0 0 0 0 0 0 0 0 0 0 0 0 0 0 0 0 0 0 0 0 0 0 0 0 0 0 0 0 0 0 0 0 0 0 0 0 0 2059 1035 0 0 0 0 0 0 0 1024 29 3133 0 0 0 0 0 0 0 0 0 0 0 0 0 0 0 0 0 0 0 0 0 0 0 0 0 0 0 0 0 0 0 33 0 0 0 0 0 0 0 0 0 0 0 0 0 0 3072 3072 3072 3072 3072 3072 1024 1024 1024 1024 1024 1024 1024 2077 1085 1024 1024 1024 1024 1024 0 0 0 0 0 0 
0 0 0 0 0 0 0 0 0 0 0 0 0 0 0 0 0 0 0 0 0 0 0 0 0 0 0 0 0 0 0 0 0 0 0 0 0 0 0 0 0 0 0 0 0 0 33 0 0 0 0 0 0 0 0 0 0 0 0 0 0 0 2059 1035 0 0 0 0 0 0 0 0 0 0 0 0 0 0 0 0 0 0 0 0 0 0 0 0 0 0 0 0 0 0 0 0 0 0 0 0 0 0 0 0 0 0 0 0 0 2059 1035 0 0 0 0 0 0 1024 61 3101 0 0 0 0 0 0 0 0 0 0 0 0 0 0 0 0 0 0 0 0 0 0 0 0 0 0 0 0 0 0 0 33 0 0 0 0 2048 2048 2048 3072 2048 114 115 3 3 1139 1138 3072 2048 3072 3072 3072 1024 1024 1024 1024 1024 1024 1024 1024 2109 1053 1024 1024 1024 1024 0 0 0 0 0 0 
0 0 0 0 0 0 0 0 0 0 0 0 0 0 0 0 0 0 0 0 0 0 0 0 0 0 0 0 0 0 0 0 0 0 0 0 0 0 0 0 0 0 0 0 0 0 33 0 0 0 0 0 0 0 0 0 0 0 0 0 0 0 0 2059 1035 0 0 0 0 0 0 0 0 0 0 0 0 0 0 0 0 0 0 0 0 0 0 0 0 0 0 0 0 0 0 0 0 0 0 0 0 0 0 0 0 0 0 0 0 0 2059 1035 0 0 0 0 0 29 3133 1024 0 0 0 0 0 0 0 0 0 0 0 0 0 0 0 0 0 0 0 0 0 0 0 0 0 0 0 0 0 0 0 33 0 0 0 0 2048 2048 2048 2048 11 3187 3186 0 0 2162 2163 1035 3072 3072 3072 3072 1024 1024 1024 1024 1024 1024 1024 1024 2077 1085 0 240 225 225 0 0 0 0 0 0 
0 0 0 0 0 0 0 0 0 0 0 0 0 0 0 0 0 0 0 0 0 0 0 0 0 0 0 0 0 0 0 0 0 0 0 0 0 0 0 0 0 0 0 0 0 0 33 0 0 0 0 0 0 0 0 0 0 0 0 0 0 0 0 0 2059 1035 0 0 0 0 0 0 0 0 0 0 0 0 0 0 0 0 0 0 0 0 0 0 0 0 0 0 0 0 0 0 0 0 0 0 0 0 0 0 0 0 0 0 0 0 0 33 0 0 0 0 0 49 50 3 3 1027 3 3 1027 1035 0 0 0 0 0 0 0 0 0 0 0 0 0 0 0 0 0 0 0 0 0 0 0 0 0 33 0 0 0 0 2048 2048 3072 29 3133 2048 2048 0 3072 3072 3072 2059 1035 2048 3072 3072 1024 1024 1024 1024 1024 1024 1024 1024 1024 2109 1053 1024 1024 1024 0 0 0 0 0 0 
0 0 0 0 0 0 0 0 0 0 0 0 0 0 0 0 0 0 0 0 0 0 0 0 0 0 0 0 0 0 0 0 0 0 0 0 0 0 0 0 0 0 0 0 0 0 33 0 0 0 0 0 0 0 0 0 0 0 0 0 0 0 0 0 0 2059 1035 0 0 0 0 0 0 0 0 1024 1024 1024 1024 0 0 0 0 0 0 0 0 0 0 0 0 0 0 0 0 0 0 0 0 0 0 0 0 0 0 0 0 0 0 0 0 33 0 0 0 0 0 240 225 231 0 0 0 0 0 2081 0 0 0 0 0 0 0 0 0 0 0 0 0 0 0 0 0 0 0 0 0 0 0 0 0 33 0 0 0 0 0 0 0 61 3101 2048 2048 3072 3072 3072 3072 3072 2059 1035 3072 3072 1024 1024 1024 1024 1024 1024 1024 1024 1024 2077 1085 1024 1024 1024 0 0 0 0 0 0 
0 0 0 0 0 0 0 0 0 0 0 0 0 0 0 0 0 0 0 0 0 0 0 0 0 0 0 0 0 0 0 0 0 0 0 0 0 0 0 0 0 0 0 0 0 0 33 0 0 0 0 1024 11 3 3 3 3 1139 1138 0 0 0 0 0 0 0 2059 1035 0 0 0 0 0 1024 1024 2048 2048 2048 2048 0 0 0 0 0 0 0 0 0 0 0 0 0 0 0 0 0 0 0 0 0 0 0 0 0 0 0 0 0 0 0 0 33 0 0 0 0 0 0 0 0 0 0 0 0 0 2081 0 0 0 0 0 0 0 0 11 3 3 3 3 3 3 3 3 3 3 3 3 1139 1138 0 0 33 0 0 0 0 0 0 0 33 2048 2048 2048 3072 3072 3072 3072 3072 3072 2109 1053 3072 1024 1024 1024 1024 1024 1024 1024 1024 1024 1024 2109 1053 1024 1024 0 0 0 0 0 0 
0 0 0 0 0 0 0 0 0 0 0 0 0 0 0 0 0 0 1024 3126 3 3 3 3 3 3 3 3 3 3 3 3 3 3 3 3 3 2102 0 0 0 0 0 0 0 0 33 0 0 0 0 0 33 0 0 0 0 2162 2163 1035 0 0 0 0 0 0 0 2059 1035 0 0 0 0 2048 2048 2048 2048 2048 2048 0 0 0 0 2048 2048 0 0 0 0 0 0 0 0 0 0 2048 2048 2048 2048 2048 2048 0 0 0 0 0 2048 2048 2048 2048 2048 2081 2048 2048 0 0 0 0 0 0 2048 2048 2048 2048 2048 2081 0 0 0 0 0 0 0 0 33 254 254 254 254 254 254 254 254 254 254 254 254 2162 2163 1139 1138 33 0 0 0 0 0 0 0 33 2048 2048 2048 3072 3072 3072 3072 3072 3072 2077 1085 3072 1024 1024 1024 1024 1024 1024 1024 1024 1024 1024 2077 1085 1024 1024 0 0 0 0 0 0 
0 0 0 0 0 0 0 0 0 0 0 0 0 0 0 0 0 0 29 3133 0 0 0 0 0 0 0 0 0 0 0 0 0 0 0 0 0 2109 1053 0 0 0 0 0 0 0 33 0 0 0 0 0 33 0 0 0 0 0 0 2059 1035 0 0 0 0 0 0 0 2059 1035 0 0 0 2048 2048 0 0 0 0 0 0 0 0 2048 2048 0 0 0 0 0 0 0 0 0 0 2048 2048 2048 2048 2048 2048 0 0 0 0 0 2048 2048 2048 2048 2048 2081 2048 2048 0 0 0 0 0 0 2048 2048 2048 2048 2048 2081 0 0 0 0 0 0 0 0 33 254 254 254 254 254 254 254 254 254 254 254 254 0 0 2162 2163 3083 0 0 0 0 0 0 0 33 2048 2048 2048 3072 3072 3072 3072 3072 3072 3072 2109 1053 1024 1024 1024 1024 1024 1024 1024 1024 1024 1024 1024 2109 1053 1024 0 0 0 0 0 0 
0 0 0 0 0 0 0 0 0 0 0 0 0 0 0 0 1024 1024 61 3101 0 0 0 0 0 0 0 0 0 0 0 0 0 0 0 0 0 2077 1085 0 0 0 0 0 0 0 33 0 0 0 0 0 33 0 0 0 0 0 0 0 2059 1035 0 0 0 0 0 0 0 2059 1035 0 0 0 0 0 0 0 0 0 0 0 0 2048 2048 0 0 0 0 0 0 0 0 0 0 2048 2048 2048 2048 2048 2048 0 0 0 0 0 2048 2048 2048 2048 2048 2081 2048 2048 0 0 0 2097 2098 2051 2051 3075 2051 2051 3075 3083 0 0 0 0 0 0 0 0 33 254 254 254 254 254 254 254 254 254 254 254 254 0 0 0 0 0 0 0 0 0 0 0 0 33 2048 2048 2048 3072 3072 3072 3072 3072 3072 3072 2077 1085 1024 1024 1024 1024 1024 1024 1024 1024 1024 1024 1024 2077 1085 1024 0 0 0 0 0 0 
0 0 0 0 0 0 0 0 0 0 0 0 0 0 0 0 1024 29 3133 1024 0 0 0 0 0 0 0 0 0 0 0 0 0 0 0 0 0 0 2109 1053 0 0 0 0 0 0 33 0 0 0 0 0 33 0 0 0 0 0 0 0 0 2109 1053 0 0 0 0 0 0 0 2059 1035 0 0 0 0 0 0 0 0 0 0 0 2048 2048 0 0 0 0 0 0 0 0 2048 2048 2048 2048 2048 2048 2048 2048 0 0 0 0 0 2048 2048 2048 2048 2048 2081 2048 2048 0 0 0 2077 1085 3072 2048 2048 2048 2048 2048 2048 0 0 0 0 0 0 0 0 33 254 254 254 254 254 254 254 254 254 254 254 254 0 0 0 0 0 0 0 0 0 0 0 3072 33 3072 3072 3072 3072 3072 3072 3072 3072 3072 3072 3072 33 1024 1024 1024 1024 1024 1024 1024 1024 1024 1024 1024 1024 2109 1053 0 0 0 0 0 0 
0 0 0 0 0 0 0 0 0 0 0 0 0 0 0 0 1024 61 3101 1024 0 0 0 0 0 0 0 0 0 0 0 0 0 0 0 0 0 0 2077 1085 0 0 0 0 0 0 33 0 0 0 0 0 2109 1053 0 0 0 0 0 0 0 2077 1085 0 0 0 0 0 0 0 0 2059 1035 0 0 0 0 0 0 0 0 0 0 2048 2048 2048 2048 2048 2048 2048 2048 2048 2048 2048 2048 2048 2048 2048 2048 2048 2048 0 0 0 0 0 2048 2048 2048 2048 2048 2081 2048 2048 0 0 0 3072 2109 1053 2048 2048 2048 2048 2048 2048 0 0 0 0 0 0 0 0 33 254 254 254 254 254 254 254 254 254 254 254 254 0 0 0 0 0 0 0 0 0 0 0 3072 33 3072 3072 3072 3072 3072 3072 3072 3072 3072 0 0 33 1024 1024 1024 1024 1024 192 1216 1024 1024 1024 1024 1024 2077 1085 0 0 0 0 0 0 
0 0 0 0 0 0 0 0 0 0 0 0 0 0 0 0 29 3133 1024 1024 0 0 0 0 0 0 0 0 0 0 0 0 0 0 0 0 0 0 0 2109 1053 0 0 0 0 0 33 0 0 0 0 0 2077 1085 0 0 0 0 0 0 0 0 2109 1053 0 0 0 0 0 0 0 0 2059 1035 0 0 0 0 0 0 0 0 0 2048 2048 2048 2048 2048 2048 2048 2048 2048 2048 2048 2048 2048 2048 2048 2048 2048 2048 2048 2048 2048 2048 2048 2048 2048 2048 2048 2048 2081 2048 2048 0 0 0 3072 2077 1085 2048 2048 2048 2048 2048 2048 0 0 0 0 0 0 0 0 33 254 254 254 254 254 255 254 254 254 254 254 254 0 0 0 0 0 0 0 0 0 0 0 3072 33 3072 3072 3072 3072 3072 3072 3072 3072 3072 240 224 33 1024 1024 1024 1024 1024 2240 3264 1024 1024 1024 1024 1024 29 3133 0 0 0 0 0 0 
0 0 0 0 0 0 0 0 0 0 0 0 0 0 0 0 61 3101 1024 0 0 0 0 0 0 0 0 0 0 0 0 0 0 0 0 1024 0 0 0 2077 1085 0 0 0 0 0 33 0 0 0 0 0 0 2109 1053 0 0 0 0 0 0 0 2077 1085 0 0 0 0 0 0 0 0 0 2059 1035 0 0 0 0 0 0 0 0 2048 2048 2048 2048 2048 2048 2048 2048 2048 2048 2048 2048 2048 2048 2048 2048 2048 2048 2048 2048 2048 2048 2048 2048 2048 2048 2048 2048 2081 2048 2048 0 0 0 2048 2048 2109 1053 3072 2048 2048 2048 2048 0 0 0 0 0 0 0 0 33 254 254 254 254 254 254 254 254 254 254 254 254 0 0 0 0 0 0 0 0 0 0 0 3072 33 3072 3072 3072 3072 3072 3072 3072 3072 3072 3072 3072 33 1024 1024 1024 1024 1024 1024 1024 1024 1024 1024 1024 1024 61 3101 0 0 0 0 0 0 
0 0 0 0 0 0 0 0 0 0 0 0 0 0 1024 29 3133 0 0 0 0 0 0 0 29 3123 3 3 3 3 3 2099 1053 1024 1024 1024 0 1024 1024 0 2059 1035 0 0 0 0 33 0 0 0 0 0 0 2077 1085 0 0 0 0 0 0 0 0 2109 1053 0 0 0 0 0 0 0 0 0 2059 1035 0 0 0 0 0 0 0 0 0 0 114 115 2128 3072 3072 3072 3072 3072 3072 3072 3072 3072 114 115 2128 3072 3072 3072 3072 3072 3072 3072 3072 3072 114 1089 0 2048 0 0 0 2048 2048 2077 1085 3072 2048 2048 2048 2048 0 0 0 0 0 0 0 0 33 254 254 254 254 254 254 254 254 254 254 254 254 0 0 0 0 0 0 0 0 0 0 0 1024 33 1024 1024 1024 1024 1024 1024 1024 1024 1024 1024 29 3133 1024 1024 1024 1024 1024 1024 1024 1024 1024 1024 1024 29 3133 1024 0 0 0 0 0 0 
0 0 0 0 0 0 0 0 0 0 0 0 0 1024 1024 61 3101 0 0 0 0 0 0 0 61 3101 0 0 0 0 0 2077 1085 1024 1024 1024 0 1024 1024 0 0 2059 1035 0 0 0 33 0 0 0 0 0 0 0 2109 1053 0 0 0 0 0 0 0 2077 1085 0 0 0 0 0 0 0 0 0 0 2059 1035 0 0 0 0 0 0 0 114 115 3187 3186 3105 3072 3072 3072 3072 3072 3072 3072 114 115 3187 3186 3105 3072 3072 3072 3072 3072 3072 3072 114 115 3187 3186 2048 2048 0 0 0 2048 2048 3072 2109 1053 2048 2048 2048 2048 0 0 0 0 0 0 0 0 33 254 254 254 254 254 254 254 254 254 254 254 254 0 0 0 0 0 0 0 0 0 0 0 1024 33 1024 1024 1024 1024 1024 1024 1024 1024 1024 1024 61 3101 1024 1024 1024 1024 1024 1024 1024 1024 1024 1024 1024 61 3101 1024 0 0 0 0 0 0 
0 0 0 0 0 0 0 0 0 0 0 0 0 1024 29 3133 0 0 1024 0 0 0 1024 29 3133 0 0 0 0 0 0 1024 2109 1053 0 1024 0 1024 1024 0 0 0 2059 1139 1138 0 33 0 0 0 0 0 0 0 2077 1085 0 0 0 0 0 0 0 0 2109 1053 0 0 0 0 0 0 0 0 0 0 2059 1035 0 0 0 0 114 115 3187 3186 0 0 3105 3072 3072 3072 3072 3072 114 115 3187 3186 3072 3072 3105 3072 3072 3072 3072 3072 114 115 3187 3186 3072 3072 2048 2048 0 0 0 2048 2048 3072 2077 1085 2048 2048 2048 2048 0 0 0 0 0 0 0 0 33 254 254 254 254 254 254 254 254 254 254 254 254 0 0 0 0 0 0 0 0 0 0 0 1024 33 1024 1024 1024 1024 1024 1024 1024 1024 1024 29 3133 1024 1024 1024 1024 1024 1024 1024 1024 1024 1024 1024 29 3133 1024 1024 0 0 0 0 0 0 
0 0 0 0 0 0 0 0 0 0 0 0 0 1024 61 3101 0 0 1024 0 0 0 1024 61 3101 0 0 0 0 0 0 1024 2077 1085 0 1024 0 1024 1024 0 0 0 0 2162 2163 1139 1089 0 0 0 0 0 0 0 0 2059 1035 0 0 0 0 0 0 0 2077 1085 0 0 0 0 0 0 0 0 0 0 0 2059 1035 0 114 115 3187 3186 0 0 0 0 3105 3072 3072 3072 114 115 3187 3186 3072 3072 3072 3072 3105 3072 3072 3072 114 115 3187 3186 3072 3072 3072 3072 2048 2048 0 0 0 2048 2048 2048 3072 2109 1053 3072 2048 2048 0 0 0 0 0 0 0 0 33 254 254 254 254 254 254 254 254 254 254 254 254 0 0 0 0 0 0 0 0 0 0 0 1024 33 1024 1024 1024 1024 1024 1024 1024 1024 1024 61 3101 1024 1024 1024 1024 1024 1024 1024 1024 1024 1024 1024 61 3101 1024 1024 0 0 0 0 0 0 
0 0 0 0 0 0 0 0 0 0 0 0 0 29 3133 1024 0 0 1024 0 0 0 29 3133 1024 0 0 0 0 0 0 1024 0 2109 1053 1024 0 1024 1024 0 0 0 0 0 0 2162 3186 0 0 0 0 0 0 0 0 0 2059 1035 0 0 0 0 0 0 0 33 0 0 0 0 0 0 0 0 0 0 0 0 2059 5 3187 3186 0 0 0 0 0 0 3105 3072 114 115 3187 3186 3072 3072 3072 3072 3072 3072 3105 3072 114 115 3187 3186 3072 3072 3072 3072 3072 3072 2048 2048 0 0 0 2048 2048 2048 3072 2077 1085 3072 2048 2048 0 0 0 0 0 0 0 0 33 254 254 254 254 254 254 254 254 254 254 254 254 0 0 0 0 0 0 0 0 0 0 0 1024 33 1024 1024 1024 1024 1024 1024 0 1024 11 3083 1024 1024 1024 1024 1024 1024 1024 1024 1024 1024 1024 29 3133 1024 1024 1024 0 0 0 0 0 0 
0 0 0 0 0 0 0 0 0 0 0 0 0 61 3101 1024 0 0 1024 0 0 0 61 3101 1024 0 0 0 0 0 0 1024 0 2077 1085 0 0 1024 1024 0 0 0 0 0 0 0 0 0 0 0 0 0 0 0 0 0 0 2059 1035 0 0 0 0 0 0 33 0 0 0 0 0 0 0 0 0 0 0 0 0 1057 0 0 0 0 0 0 0 3072 95 115 3187 3186 3072 3072 3072 3072 3072 3072 3072 3072 95 115 3187 3186 3072 3072 3072 3072 3072 3072 3072 3072 2048 2048 0 0 0 2048 2048 2048 3072 3072 2109 1053 2048 2048 0 0 0 0 0 0 0 0 2059 2051 2051 2051 2051 2051 2051 2051 2051 2051 2051 2051 2051 2051 2051 2051 2051 2051 2051 2051 2051 2051 2051 2051 2051 3083 1024 1024 1024 1024 1024 1024 0 11 3083 0 1024 1024 1024 1024 1024 1024 1024 1024 1024 1024 1024 61 3101 1024 1024 1024 0 0 0 0 0 0 
0 0 0 0 0 0 0 0 0 0 1024 1024 29 3133 0 0 0 0 0 0 0 29 3133 0 0 0 0 192 196 1216 0 1024 1024 1024 2109 1053 0 0 1024 0 0 0 0 0 0 0 0 0 0 0 0 0 0 0 0 0 0 0 2059 1035 0 0 0 0 0 33 0 0 0 0 0 0 0 0 0 0 0 0 0 1057 0 0 0 0 0 0 0 3072 126 3186 3072 3072 3072 3072 3072 3072 3072 3072 3072 3072 126 3186 3072 3072 3072 3072 3072 3072 3072 3072 3072 3072 2048 192 196 1216 0 2048 2048 2048 3072 3072 2077 1085 0 0 0 0 0 0 0 0 0 0 0 0 0 0 0 0 0 0 0 0 0 0 0 0 0 0 0 0 0 0 0 0 0 0 0 1024 1024 0 0 1024 1024 1024 11 3083 1024 1024 1024 1024 1024 1024 1024 1024 1024 1024 1024 1024 29 3133 0 240 225 226 0 0 0 0 0 0 
0 0 0 0 0 0 0 0 0 0 1024 1024 61 3101 0 0 0 0 0 0 1024 61 3101 0 0 0 0 2240 2244 3264 0 1024 1024 1024 2077 1085 0 1024 0 0 0 0 0 0 0 0 0 0 0 0 0 0 0 0 0 0 0 0 0 33 0 0 0 0 0 33 0 0 0 0 0 192 196 1216 0 0 0 0 1024 1057 0 0 0 2048 2048 2048 2048 3072 3072 3072 2048 2048 2048 2048 2048 2048 2048 2048 2048 3072 3072 3072 2048 2048 2048 2048 2048 2048 2048 2048 2048 2048 2048 2240 2244 3264 0 2048 2048 2048 2048 2048 2048 2059 1027 1035 0 0 0 0 0 0 0 0 0 0 0 0 0 0 0 0 0 0 0 0 0 0 0 0 0 0 0 0 0 0 0 0 1024 1024 1024 1024 1024 1024 1024 11 3083 0 0 1024 1024 1024 1024 1024 1024 1024 1024 1024 1024 1024 61 3101 1024 1024 1024 1024 0 0 0 0 0 0 
0 0 0 0 0 0 0 0 0 0 1024 29 3133 1024 0 0 0 0 0 0 29 3133 1024 0 0 0 0 0 0 0 0 1024 1024 1024 0 2109 1053 1024 0 0 0 0 0 0 0 0 0 0 0 0 0 0 0 0 0 0 0 0 0 33 0 0 0 0 0 33 0 0 0 0 0 2240 2244 3264 2048 2048 2048 2048 3072 3105 0 0 0 2048 2048 2048 2048 2048 2048 2048 2048 2048 2048 2048 2048 2048 2048 2048 2048 2048 2048 2048 2048 2048 2048 2048 2048 2048 2048 2048 2048 2048 2048 2048 0 0 0 2048 2048 2048 2048 2048 2048 3321 2048 2081 0 0 0 0 0 0 0 0 0 0 0 0 0 0 0 0 0 0 0 0 0 0 0 0 0 0 0 0 0 0 0 0 1024 0 0 1024 1024 1024 11 3083 1024 1024 1024 1024 1024 1024 1024 1024 1024 1024 1024 1024 1024 29 3133 1024 1024 1024 1024 1024 0 0 0 0 0 0 
0 0 0 0 0 0 0 0 0 0 1024 61 3101 1024 0 0 0 0 0 0 61 3101 1024 0 0 0 0 0 0 0 0 1024 1024 1024 0 2077 1085 1024 0 0 0 0 0 0 0 0 0 0 0 0 0 0 0 0 0 0 0 0 0 33 0 0 0 0 0 33 0 0 0 0 0 0 0 2048 2048 2048 2048 2048 3072 1057 0 0 0 2048 2048 2048 2048 2048 2048 2048 2048 2048 2048 2048 2048 2048 2048 2048 2048 2048 2048 2048 2048 2048 2048 2048 2048 2048 2048 2048 2048 2048 2048 2048 0 0 0 2048 2048 2048 2048 2048 2048 3072 2048 2081 0 0 0 0 0 0 0 0 0 0 0 0 0 0 0 0 0 0 0 0 0 0 0 0 0 0 0 0 0 0 0 0 0 1024 1024 1024 114 115 3083 1024 1024 1024 1024 1024 1024 1024 1024 1024 1024 1024 1024 1024 1024 61 3101 1024 1024 1024 1024 1024 0 0 0 0 0 0 
0 0 0 0 0 0 0 0 0 0 29 3133 1024 1024 0 0 0 0 1024 29 3133 0 0 0 0 0 0 0 0 0 0 0 0 0 0 0 2109 1053 0 0 0 0 0 0 0 0 0 0 0 0 0 0 0 0 0 0 0 0 0 33 0 0 0 0 0 33 0 0 0 0 0 0 0 2048 0 0 0 0 0 1057 1024 0 0 2048 2048 2048 2048 2048 2048 2048 2048 2048 2048 2048 2048 2048 2048 2048 2048 2048 2048 2048 2048 2048 2048 2048 2048 2048 2048 2048 2048 2048 2048 2048 0 0 0 2048 2048 2048 2048 2048 2048 3321 2048 2081 0 0 0 0 0 0 0 0 0 0 0 0 0 0 0 0 0 0 0 0 0 0 0 0 0 0 0 1024 0 0 0 0 0 1024 114 115 3187 3186 1024 1024 1024 1024 1024 1024 1024 1024 1024 1024 1024 1024 1024 1024 11 3083 1024 1024 1024 1024 1024 1024 0 0 0 0 0 0 
0 0 0 0 0 0 0 0 0 0 38 1062 0 0 0 0 0 0 1024 61 3101 0 0 0 0 0 0 0 0 0 0 1024 1024 1024 1024 1024 2077 1085 1024 0 0 0 0 0 0 0 0 0 0 0 0 0 0 0 0 0 0 0 0 33 0 0 0 0 0 33 0 0 0 0 0 0 0 2048 0 0 0 0 0 3105 0 0 0 2048 2048 2048 2048 2048 2048 2048 2048 2048 2048 2048 2048 2048 2048 2048 2048 2048 2048 2048 2048 2048 2048 2048 2048 2048 2048 2048 2048 2048 2048 2048 0 0 0 2048 2048 2048 2048 2048 2048 0 2048 2081 0 0 0 0 0 0 0 0 0 0 0 0 0 0 0 0 0 0 0 0 0 0 0 0 0 0 0 0 0 0 0 0 114 115 3187 3186 1024 1024 1024 1024 1024 1024 1024 1024 1024 1024 1024 1024 1024 1024 1024 11 3083 1024 1024 1024 1024 1024 1024 1024 0 0 0 0 0 0 
0 0 0 0 0 0 0 0 0 0 38 1062 0 0 0 0 0 0 29 3133 1024 0 0 0 0 0 0 29 3123 2102 0 1024 0 1024 1024 1024 1024 2059 1035 0 0 0 0 0 0 0 0 0 0 0 0 0 0 0 0 0 0 0 0 33 0 0 0 0 0 33 0 0 0 0 0 0 0 0 0 0 0 1024 11 3083 0 0 0 0 0 0 0 0 2048 2048 2048 2048 2048 2048 2048 2048 2048 2048 2048 2048 2048 2048 2048 2048 2048 2048 2048 2048 2048 2048 2048 2048 2048 2048 2048 2048 0 2048 2048 2048 2048 2048 2048 11 3075 3083 0 0 0 0 0 0 0 0 0 0 0 0 0 0 0 0 0 0 0 0 0 0 0 0 0 0 0 0 0 0 0 0 2113 3186 1024 1024 1024 1024 1024 1024 1024 1024 1024 1024 1024 1024 1024 1024 1024 1024 11 3083 1024 1024 1024 1024 1024 1024 1024 1024 0 0 0 0 0 0 
0 0 0 0 0 0 0 0 0 0 38 1062 0 0 0 1024 0 0 3116 3101 0 0 0 0 0 0 0 61 3101 2109 1053 0 0 0 0 0 0 0 2059 2127 3 3 3 3 3 3 3 3 3 3 3 3 3 3 3 3 3 3 3 3083 0 1024 1024 1024 29 3133 0 0 0 0 0 0 0 0 0 0 0 11 3083 1024 0 0 0 0 0 0 0 16 240 225 233 2048 3152 3075 3075 3075 3075 3075 3075 2128 240 225 232 2048 3152 3075 3075 3075 3075 3075 3075 3075 3075 3075 3075 3075 3075 3075 3075 3075 3075 3075 3075 3083 2048 2048 0 0 0 0 0 0 0 0 0 0 0 0 0 0 0 0 0 0 0 0 0 0 0 0 0 0 0 0 0 0 0 0 2081 1024 1024 1024 1024 1024 1024 1024 1024 1024 1024 1024 1024 1024 1024 1024 1024 11 3083 0 0 0 0 0 0 0 0 0 0 0 0 0 0 0 
0 0 0 0 0 0 0 0 0 0 38 1062 0 0 0 0 0 0 3084 0 0 0 0 0 0 1024 29 3133 0 2077 1085 0 0 0 0 0 0 0 0 2059 1035 0 0 0 0 0 0 0 0 0 0 0 0 0 0 0 0 0 0 0 0 1024 1024 1024 61 3101 0 0 0 0 0 0 0 0 0 1024 11 3083 1024 1024 0 0 0 0 0 0 0 2081 0 0 0 2048 3105 3072 3072 3072 3072 3072 2048 2081 0 0 2048 2048 3105 3072 0 0 0 0 0 0 0 0 0 0 0 0 0 0 0 0 0 0 0 0 0 0 0 0 0 0 0 0 0 0 0 0 0 0 0 0 0 0 0 0 0 0 0 0 0 0 0 0 0 0 0 0 2081 1024 1024 1024 1024 1024 1024 1024 1024 1024 1024 1024 1024 1024 1024 114 115 3083 1024 0 0 0 0 0 0 0 0 0 0 0 0 0 0 0 
0 0 0 0 0 0 0 0 0 0 38 1062 0 0 0 0 0 0 0 0 0 0 0 0 1024 1024 61 3101 0 0 2059 1035 0 0 0 0 0 0 0 0 2059 1035 0 0 0 0 0 0 0 0 0 0 0 0 0 0 0 0 0 0 0 1024 1024 29 3133 1024 0 0 0 0 0 0 0 0 1024 11 3083 1024 0 0 0 0 0 0 0 0 0 2081 0 0 2048 2048 3105 3072 3072 3072 3072 3072 2048 2081 0 0 2048 2048 3105 0 0 0 0 0 0 0 0 0 0 0 0 0 0 0 0 0 0 0 0 0 0 0 0 0 0 0 0 0 0 0 0 0 0 0 0 0 0 0 0 0 0 0 0 0 0 0 0 0 0 0 0 0 2081 1024 1024 1024 1024 1024 1024 1024 1024 1024 1024 1024 1024 114 115 3187 3186 1024 0 0 0 0 0 0 0 0 0 0 0 0 0 0 0 0 
0 0 0 0 0 0 0 0 0 0 38 1062 0 0 0 0 0 0 0 0 0 0 0 0 1024 29 3133 1024 0 0 0 2059 1035 0 0 0 0 0 0 0 0 2059 1035 0 0 0 0 0 0 0 0 0 0 0 0 0 0 0 0 0 0 1024 1024 61 3101 1024 0 0 0 0 0 0 0 0 11 3083 1024 1024 0 0 0 0 0 0 0 0 0 2081 0 0 2048 2048 3105 3072 3072 3072 3072 3072 2048 2081 0 0 2048 2048 3105 3072 0 0 0 0 0 0 0 0 0 0 0 0 0 0 0 0 0 0 0 0 0 0 0 0 0 0 0 0 0 0 0 0 0 0 0 0 0 0 0 0 0 0 0 0 0 0 0 0 0 0 0 0 2081 1024 1024 1024 1024 1024 1024 1024 1024 1024 1024 1024 1024 2113 3186 1024 1024 1024 1024 0 0 0 0 0 0 0 0 0 0 0 0 0 0 0 
0 0 0 0 0 0 0 0 0 0 38 1062 0 0 0 0 0 0 0 0 0 0 0 0 1024 61 3101 1024 0 0 0 0 2059 1035 0 0 0 0 0 0 0 0 2059 1035 0 0 0 0 0 0 0 0 0 0 0 0 0 0 0 0 0 1024 29 3133 1024 1024 0 0 0 0 0 0 1024 11 48 0 0 0 0 0 0 0 0 0 0 0 0 2081 2048 2048 2048 2048 3105 3072 0 0 0 0 2048 2081 2048 2048 2048 2048 3105 3072 0 0 0 0 0 0 0 0 0 0 0 0 0 0 0 0 0 0 0 0 0 0 0 0 0 0 0 0 0 0 0 0 0 0 0 0 0 0 0 0 0 0 0 0 0 0 0 0 0 0 0 0 2081 0 0 0 0 0 192 1216 0 0 0 0 0 2059 1027 1035 0 0 0 0 0 0 0 0 0 0 0 0 0 0 0 0 0 0 
0 0 0 0 0 0 0 0 0 0 38 1062 0 0 0 0 0 0 0 0 0 0 0 114 115 3083 0 0 0 0 0 0 0 2059 1035 0 0 0 0 0 0 0 0 2059 1035 0 0 0 0 0 0 0 0 0 0 0 0 0 0 0 0 1024 61 3101 1024 1024 0 0 0 0 0 0 11 3083 2081 0 0 0 0 0 0 0 0 0 0 0 0 2081 2048 2048 2048 2048 3105 3072 0 0 0 0 2048 2081 2048 2048 2048 2048 3105 3072 0 0 0 0 0 0 0 0 0 0 0 0 0 0 0 0 0 0 0 0 0 0 0 0 0 0 0 0 0 0 0 0 0 0 0 0 0 0 0 0 0 0 0 0 0 0 0 0 0 0 0 0 2081 0 0 0 0 0 2240 3264 0 0 0 0 0 3321 2048 2081 0 0 0 0 0 0 0 0 0 0 0 0 0 0 0 0 0 0 
0 0 0 0 0 0 0 0 0 0 38 1062 0 0 0 0 0 0 0 0 0 114 115 3187 3186 0 0 0 0 0 0 0 0 0 2059 1035 0 0 0 0 0 0 0 0 2059 1035 0 0 0 0 0 0 0 0 0 0 0 0 0 0 0 29 3133 1024 1024 1024 0 0 0 0 1024 11 3083 1024 2081 0 0 0 0 0 0 0 0 0 0 0 0 2081 2048 2048 2048 2048 3105 3072 0 11 1035 0 2048 2081 2048 2048 2048 2048 3105 3072 0 0 0 0 0 0 0 0 0 0 0 0 0 0 0 0 0 0 0 0 0 0 0 0 0 0 0 0 0 0 0 0 0 0 0 0 0 0 0 0 0 0 0 0 0 0 0 0 0 0 0 114 1089 0 0 0 0 0 0 0 0 0 0 0 0 3072 2048 2081 0 0 0 0 0 0 0 0 0 0 0 0 0 0 0 0 0 0 
0 0 0 0 0 0 0 0 0 0 38 1062 0 0 0 0 0 0 0 114 115 3187 3186 114 115 3 3 3 3 3 3 3 3 3 3 1103 1102 0 0 0 0 0 0 0 0 2059 1035 0 0 0 0 0 0 0 0 0 0 0 0 0 0 61 3101 1024 1024 1024 0 0 0 1024 11 3083 1024 0 2081 0 0 0 0 0 0 0 0 0 0 0 0 2081 2048 2048 2048 2048 3105 3072 11 3083 2059 1035 2048 2081 2048 2048 2048 2048 3105 3072 0 0 0 0 0 0 11 1035 0 0 0 0 0 0 0 0 0 0 0 0 0 0 0 0 0 0 0 0 0 0 0 0 0 0 0 0 0 0 0 0 0 0 0 0 0 0 0 0 0 114 115 3187 3186 0 0 0 0 0 0 0 0 0 0 0 0 3321 2048 2081 0 0 0 0 0 0 0 0 0 0 0 0 0 0 0 0 0 0 
0 0 0 0 0 0 0 0 0 0 2054 2152 3 3 3 3 3 3 3 3187 3186 0 11 3187 3186 0 0 0 0 0 0 0 0 0 0 0 0 0 0 0 0 0 0 0 0 0 2059 1035 0 0 0 0 0 0 0 0 0 0 0 0 11 3083 0 0 0 0 0 1024 0 11 3083 1024 1024 0 2081 0 0 0 0 0 0 0 0 0 0 0 0 1060 2051 2051 2051 2051 3083 11 3083 240 226 2059 1035 2059 2051 2051 2051 2051 3083 3072 0 0 0 0 0 11 3083 2059 1035 0 0 0 0 0 0 0 0 0 0 0 0 0 0 0 0 0 0 0 0 0 0 0 0 0 0 0 0 0 0 0 0 0 0 0 0 0 0 0 11 3187 3186 0 0 0 0 0 0 0 0 0 0 0 0 0 0 0 2048 2081 0 0 0 0 0 0 0 0 0 0 0 0 0 0 0 0 0 0 
0 0 0 0 0 0 0 0 0 0 0 0 0 0 0 0 0 1024 1024 1024 1024 11 3083 0 0 0 0 0 0 0 0 0 0 0 0 0 0 0 0 0 0 0 0 0 0 0 0 33 0 0 0 0 0 0 0 0 0 0 0 11 3083 1024 0 0 0 0 0 0 11 3083 0 0 0 0 2081 0 0 0 0 0 0 0 0 0 0 0 0 2081 2048 2048 2048 2048 11 3083 0 0 0 0 2059 1035 2048 2048 2048 2048 2048 2048 0 0 0 0 11 3083 240 227 2059 1035 0 0 0 0 0 0 0 0 0 0 0 0 0 0 0 0 0 0 0 0 0 0 0 0 0 0 0 0 0 0 0 0 0 0 0 240 225 11 3083 0 0 0 2048 2048 2048 2048 2048 2048 2048 2048 2048 2048 2048 2048 2048 11 3075 3083 0 0 0 0 0 0 0 0 0 0 0 0 0 0 0 0 0 0 
0 0 0 0 0 0 0 0 0 0 0 0 0 0 0 0 0 0 0 0 29 3133 0 0 0 0 0 0 0 0 0 0 0 0 0 0 0 0 0 0 0 0 0 0 0 0 0 1060 3 3 3 3 3 3 3 3 3 3 3 3083 1024 0 0 0 0 0 0 11 3083 1024 0 0 0 0 2081 0 0 0 0 0 0 0 0 0 0 0 0 2081 0 0 0 0 2059 1035 0 0 0 0 0 2059 1035 0 0 0 0 0 0 0 0 11 3083 0 0 0 0 2059 1035 0 0 0 0 0 0 0 0 0 0 0 0 0 0 0 0 0 0 0 0 0 0 0 0 0 0 0 0 0 0 0 0 0 0 0 11 3083 0 0 0 0 2048 2048 2048 2048 2048 2048 2048 2048 2048 2048 2048 2048 114 1089 3072 0 0 0 0 0 0 0 0 0 0 0 0 0 0 0 0 0 0 0 
0 0 0 0 0 0 0 0 0 0 0 0 0 0 0 0 0 0 0 0 61 3101 0 0 0 0 0 0 0 0 0 0 0 0 0 0 0 0 0 0 0 0 0 0 0 0 0 33 0 0 0 0 0 0 0 0 0 0 0 0 0 0 0 0 0 1024 11 3083 1024 1024 0 0 0 0 2081 0 0 0 1024 0 0 0 0 0 0 0 0 2081 0 0 0 0 0 2059 1035 0 0 0 0 0 2059 1035 0 0 0 0 0 0 11 3083 0 0 0 0 0 11 3083 0 0 0 0 0 0 0 0 0 0 0 0 0 0 0 0 0 0 0 0 0 0 0 0 0 0 0 0 0 0 0 0 0 0 11 3083 0 0 0 0 0 2048 2048 2048 2048 2048 2048 2048 2048 2048 2048 114 115 3187 3186 3072 0 0 0 0 0 0 0 0 0 0 0 0 0 0 0 0 0 0 0 
0 0 0 0 0 0 0 0 0 0 0 0 0 0 0 0 0 0 0 0 33 0 0 0 0 0 0 0 0 0 0 0 0 0 0 0 0 0 0 0 0 0 0 0 0 0 0 33 0 0 0 0 0 0 0 0 0 0 0 0 0 0 0 0 0 11 3083 1024 0 0 0 0 0 0 2081 0 0 0 0 0 0 0 0 0 0 0 0 1104 1027 1027 1027 1027 1027 3 1103 1102 0 0 0 0 0 2059 1035 0 0 0 1024 11 3083 0 0 0 0 0 11 3083 0 0 0 0 0 0 0 0 0 0 0 0 0 0 0 0 0 0 0 0 0 0 0 0 0 0 0 0 0 0 0 0 0 0 11 3083 0 0 0 0 0 0 2048 2048 2048 2048 2048 2048 2048 2048 114 115 3187 3186 2048 2048 3072 0 0 0 0 0 0 0 0 0 0 0 0 0 0 0 0 0 0 0 
0 0 0 0 0 0 0 0 0 0 0 0 0 0 0 0 0 0 0 0 33 0 0 0 0 0 0 0 0 0 0 0 0 0 0 0 0 0 0 0 0 0 0 0 0 0 0 33 0 0 0 0 0 0 0 0 0 0 0 0 0 0 0 0 11 3083 1024 1024 0 0 0 0 0 0 2081 235 235 235 235 235 235 235 235 235 235 235 235 0 0 0 0 0 0 0 0 0 0 0 0 0 0 0 2059 1035 0 0 11 3083 0 0 0 0 0 78 79 3 3 1027 1027 1027 1027 1027 1027 1027 1027 1027 3 3 3 3 3 1028 0 0 0 0 0 0 0 0 0 0 0 0 0 0 0 0 0 29 3133 0 0 0 0 0 0 0 2048 2048 2048 2048 2048 2048 2048 11 3187 3186 2048 2048 2048 2048 2048 0 0 0 0 0 0 0 0 0 0 0 0 0 0 0 0 0 0 0 
0 0 0 0 0 0 0 0 0 0 0 0 0 0 0 0 0 0 0 0 33 0 0 0 0 0 0 0 3132 9 9 9 9 9 9 9 9 9 9 9 9 9 9 9 9 9 9 3144 2048 0 0 0 0 0 0 0 0 0 0 0 0 1024 114 115 3083 0 0 0 0 0 0 0 0 0 2081 235 235 235 235 235 235 235 235 235 235 235 235 0 0 0 0 0 0 0 0 0 0 0 0 0 0 0 0 2059 3 3 3083 0 0 0 0 0 0 0 0 0 0 0 0 0 0 0 0 0 0 0 0 0 0 0 0 3105 0 0 0 0 0 0 0 0 0 0 0 0 0 0 0 0 0 61 3101 0 0 0 0 0 0 0 2048 2048 2048 2048 2048 2048 11 3083 2048 2048 2048 3072 3072 2048 2048 0 0 0 0 0 0 0 0 0 0 0 0 0 0 0 0 0 0 0 
0 0 0 0 0 0 0 0 0 0 0 0 0 0 0 0 0 0 0 0 33 0 0 0 0 0 0 0 55 2057 2057 2057 2057 2057 2057 2057 2057 2057 2057 2057 2057 2057 2057 2057 2057 2057 2057 1096 0 0 0 0 0 0 0 0 0 0 0 0 114 115 3187 3186 0 0 0 0 0 0 0 0 0 0 2081 235 235 235 235 235 235 235 235 235 235 235 235 0 0 0 0 0 0 0 0 0 0 0 0 0 0 0 0 0 0 0 1024 0 0 0 0 0 0 0 0 0 0 0 0 0 0 0 0 0 0 0 0 0 0 0 0 3105 0 0 0 0 0 0 0 0 0 0 0 0 0 0 0 0 29 3133 0 0 0 0 0 0 0 0 2048 2048 2048 3072 3072 11 3083 2048 2048 2048 2048 2048 2048 2048 2048 0 0 0 0 0 0 0 0 0 0 0 0 0 0 0 0 0 0 0 
0 0 0 0 0 0 0 0 0 0 0 0 0 0 0 0 0 0 0 0 33 0 0 0 0 0 0 0 0 0 0 0 0 0 0 0 0 0 0 0 0 0 0 0 0 0 0 33 0 0 0 0 192 1216 0 0 0 0 114 115 3187 3186 0 0 0 0 0 0 0 0 0 0 0 0 2081 235 235 235 235 235 235 235 235 235 235 235 235 0 0 0 0 0 0 0 0 0 0 0 0 0 0 0 0 0 0 0 1024 0 0 0 0 0 0 0 0 0 0 0 0 0 0 0 0 0 0 0 0 0 0 0 0 3105 0 0 0 0 0 0 0 0 0 0 0 0 0 0 0 0 61 3101 0 0 0 0 0 0 0 0 2048 2048 2048 2048 11 3083 2048 2048 2048 2048 2048 2048 2048 2048 2048 0 0 0 0 0 0 0 0 0 0 0 0 0 0 0 0 0 0 0 
0 0 0 0 0 0 0 0 0 0 0 0 0 0 0 0 0 0 0 0 33 0 0 0 0 0 0 0 0 0 0 0 0 0 0 0 0 0 0 0 0 0 0 0 0 0 0 33 0 0 0 0 1224 200 0 0 0 0 2162 2163 1139 1138 0 0 0 0 0 0 0 0 0 0 0 0 2081 235 235 235 235 235 235 235 235 235 235 235 235 0 0 0 0 0 0 0 0 0 0 0 0 0 0 0 0 0 0 0 0 0 0 0 0 0 0 0 0 0 0 0 0 0 0 0 0 0 0 0 0 0 0 0 0 3105 0 0 0 0 0 0 0 0 0 0 0 0 0 0 0 29 3133 0 0 0 0 0 0 0 0 0 2048 2048 3072 11 3083 3072 2048 2048 2048 2048 2048 2048 2048 2048 2048 0 0 0 0 0 0 0 0 0 0 0 0 0 0 0 0 0 0 0 
0 0 0 0 0 0 0 0 0 0 0 0 0 0 0 0 0 0 0 0 2109 1053 0 0 0 0 0 0 0 0 0 0 0 0 0 0 0 0 0 0 0 0 0 0 0 0 0 33 0 0 0 0 1224 200 0 0 0 0 2048 2048 2162 2163 1035 2048 2048 2048 2048 2048 2048 2048 2048 2048 2048 0 2081 235 235 235 235 235 238 235 235 235 235 235 235 0 0 0 0 0 0 0 0 0 0 0 0 0 0 0 0 0 0 0 0 0 0 0 0 0 0 0 0 0 0 0 0 0 0 0 0 0 0 0 0 0 0 0 0 3105 0 0 0 0 0 0 0 0 0 0 0 0 0 0 0 61 3101 0 0 0 0 0 0 0 0 0 2048 2048 11 3083 2048 3072 2048 0 0 0 0 0 0 0 0 0 0 0 0 0 0 0 0 0 0 0 0 0 0 0 0 0 0 0 
0 0 0 0 0 0 0 0 0 0 0 0 0 0 0 0 0 0 0 0 2077 1085 0 0 0 0 0 0 0 0 0 0 0 0 0 0 0 0 0 0 0 0 0 0 0 0 0 33 0 0 0 0 2240 3264 0 0 0 0 0 0 0 0 2059 1035 3072 3072 2048 2048 2048 2048 2048 2048 2048 0 2081 235 235 235 235 235 235 235 235 235 235 235 235 0 0 0 0 0 0 0 0 0 0 0 0 0 0 0 0 0 0 0 0 0 0 0 0 0 0 0 0 0 0 0 0 0 0 0 0 0 0 0 0 0 0 0 0 3105 0 0 0 0 0 0 0 0 0 0 0 0 0 0 29 3133 0 0 0 0 0 0 0 0 0 0 2048 29 3133 2048 2048 2048 2048 2048 0 0 0 0 0 0 0 0 0 0 0 0 0 0 0 0 0 0 0 0 0 0 0 0 0 0 
0 0 0 0 0 0 0 0 0 0 0 0 0 0 0 0 0 0 0 0 0 2059 1035 0 0 0 0 0 0 0 0 0 0 0 0 192 196 1216 0 0 0 0 0 0 0 0 0 33 0 0 0 0 0 0 0 0 0 0 0 0 0 0 2048 2059 1035 3072 2048 2048 2048 2048 2048 2048 2048 0 2081 235 235 235 235 235 235 235 235 235 235 235 235 0 0 0 0 0 0 0 0 0 0 0 0 0 0 0 0 0 0 0 0 0 0 0 0 0 0 0 0 0 0 0 0 0 0 0 0 0 0 0 0 0 0 0 0 3105 0 0 0 0 0 0 0 0 0 0 0 0 0 0 61 3101 0 0 0 0 0 0 0 0 0 0 2048 61 3101 2048 2048 2048 2048 0 0 0 0 0 0 0 0 0 0 0 0 0 0 0 0 0 0 0 0 0 0 0 0 0 0 0 
0 0 0 0 0 0 0 0 0 0 0 0 0 0 0 0 0 0 0 0 0 0 2059 1139 1138 0 0 0 0 0 0 0 0 0 0 2240 2244 3264 0 0 0 0 0 0 0 0 0 33 0 0 0 0 0 0 0 0 0 0 0 0 0 0 2048 3072 2059 1035 3072 3072 2048 2048 2048 2048 2048 0 2081 235 235 235 235 235 235 235 235 235 235 235 235 0 0 0 0 0 0 0 0 0 0 0 0 0 0 0 0 0 0 0 0 0 0 0 0 0 0 0 0 0 0 0 0 0 0 0 0 0 0 0 0 0 0 0 0 3105 0 0 0 0 0 0 0 0 0 0 0 0 0 29 3133 0 0 0 0 0 0 0 0 0 0 0 29 3133 2048 2048 2048 2048 2048 0 0 0 0 0 0 0 0 0 0 0 0 0 0 0 0 0 0 0 0 0 0 0 0 0 0 0 
0 0 0 0 0 0 0 0 0 0 0 0 0 0 0 0 0 0 0 0 0 0 0 2162 2163 3 2051 2051 2051 1035 0 0 0 0 0 0 0 0 2048 0 0 0 0 0 0 0 0 33 0 0 0 0 0 0 0 0 0 0 0 0 0 0 2048 2048 2048 2059 1035 3072 2048 2048 2048 2048 2048 0 2081 235 235 235 235 235 235 235 235 235 235 235 235 0 0 0 0 0 0 0 0 0 0 0 0 0 0 0 0 0 0 0 0 0 0 0 0 0 0 0 0 0 0 0 0 0 0 0 0 0 0 0 0 0 0 0 0 3105 0 0 0 0 0 0 0 0 0 0 0 0 0 61 3101 0 0 0 0 0 0 0 0 0 0 0 61 3101 2048 2048 2048 2048 2048 0 0 0 0 0 0 0 0 0 0 0 0 0 0 0 0 0 0 0 0 0 0 0 0 0 0 0 
0 0 0 0 0 0 0 0 0 0 0 0 0 0 0 0 0 0 0 0 0 0 0 0 0 0 2048 2048 11 3083 0 2048 0 0 0 0 0 0 2048 0 0 0 0 0 0 0 0 33 0 0 0 0 0 0 0 0 0 0 0 0 0 0 0 0 0 3072 2059 1035 2048 2048 2048 2048 2048 0 2081 235 235 235 235 235 235 235 235 235 235 235 235 0 0 0 0 0 0 0 0 0 0 0 0 0 0 0 0 11 3 3 1035 0 0 0 0 0 0 0 0 0 0 0 0 0 0 0 0 0 0 0 0 0 0 0 0 3105 0 0 0 0 0 0 0 0 0 0 0 0 29 3133 0 0 0 0 0 0 0 0 0 0 0 0 1057 2048 2048 2048 2048 2048 2048 0 0 0 0 0 0 0 0 0 0 0 0 0 0 0 0 0 0 0 0 0 0 0 0 0 0 0 
0 0 0 0 0 0 0 0 0 0 0 0 0 0 0 0 0 0 0 0 0 0 0 0 0 0 0 11 3083 0 0 2048 2048 2048 2048 0 0 0 0 0 0 0 0 0 0 0 0 33 0 0 0 0 0 0 0 0 0 0 0 0 0 0 2048 2048 2048 2048 2048 2059 1035 3072 3072 2048 2048 0 2081 235 235 235 235 235 235 235 235 235 235 235 235 0 0 0 0 0 3072 3072 0 0 0 0 0 0 0 0 11 3083 0 0 2059 1035 0 0 0 0 0 2126 2127 3 3 3 3 3 1028 0 0 0 0 0 0 0 0 0 0 3105 0 0 0 0 0 0 0 0 0 0 0 0 61 3101 0 0 0 0 0 192 1216 0 0 0 0 0 1057 0 2048 2048 2048 2048 2048 0 0 0 0 0 0 0 0 0 0 0 0 0 0 0 0 0 0 0 0 0 0 0 0 0 0 0 
0 0 0 0 0 0 0 0 0 0 0 0 0 0 0 0 0 0 0 0 0 0 0 0 0 0 11 3083 2048 2048 0 2048 2048 2048 0 0 0 0 0 0 114 115 3 3 3 3 3 2053 3 1026 0 0 0 0 0 0 2 2127 3 3 1035 3072 0 2048 2048 2048 2048 3072 2059 1035 3072 2048 2048 0 2059 1027 1027 1027 1027 1027 1027 1027 1027 1027 1027 1027 1027 1027 1027 1027 1027 1027 1027 1027 3151 3150 0 0 0 0 0 11 3083 0 0 0 0 2059 1035 0 0 0 246 231 2059 1035 0 0 0 0 1057 0 0 0 0 0 0 0 0 0 0 1057 0 11 1035 0 0 0 0 0 0 0 0 0 2109 1053 0 0 0 0 0 2240 3264 0 0 0 0 0 1057 2048 240 225 227 2048 2048 0 0 0 0 0 0 0 0 0 0 0 0 0 0 0 0 0 0 0 0 0 0 0 0 0 0 0 
0 0 0 0 0 0 0 0 0 0 0 0 0 0 0 0 0 0 0 0 0 0 0 0 0 11 3083 2048 0 0 0 0 0 0 0 0 0 0 114 115 3187 3186 0 0 0 0 0 0 0 0 0 0 0 0 0 0 0 2059 1035 0 2059 1035 0 2048 2048 2048 2048 2048 3072 2059 1035 3072 3072 0 0 0 0 0 0 0 0 0 0 0 0 0 0 0 0 0 0 0 3072 11 3083 1270 225 0 0 0 11 3083 0 0 0 0 0 0 2059 1035 0 0 0 0 0 2059 1035 0 0 0 1057 0 0 0 0 0 0 0 0 0 0 1057 11 3083 2059 1035 0 0 0 0 0 0 0 0 2077 1085 0 0 0 0 0 0 0 0 0 0 0 0 1057 2048 2048 2048 2048 2048 2048 0 0 0 0 0 0 0 0 0 0 0 0 0 0 0 0 0 0 0 0 0 0 0 0 0 0 0 
0 0 0 0 0 0 0 0 0 0 0 0 0 0 0 0 0 0 0 0 0 0 0 0 11 3083 0 0 0 0 0 0 0 0 0 0 114 115 3187 3186 0 0 0 0 0 0 0 0 0 0 0 0 0 0 0 0 0 0 2059 1035 2048 2059 1035 2048 2048 2048 2048 2048 2048 2048 2059 1035 3072 0 0 0 0 0 0 0 0 0 0 0 0 0 0 0 0 0 0 0 11 3083 0 0 0 0 0 11 3083 0 0 0 0 0 0 0 0 2059 1035 0 0 0 0 11 3083 0 0 0 1057 0 0 0 0 0 0 0 0 0 0 3120 3083 240 228 2059 1035 0 0 0 0 0 0 0 0 2109 1053 0 0 0 0 0 0 0 0 0 0 0 2109 1053 0 0 0 0 0 0 0 0 0 0 0 0 0 0 0 0 0 0 0 0 0 0 0 0 0 0 0 0 0 0 0 0 
0 0 0 0 0 0 0 0 0 0 0 0 0 0 0 0 0 0 0 0 0 0 0 11 3083 0 0 0 0 0 0 0 0 0 0 11 3187 3186 0 0 0 0 0 0 0 0 0 0 0 0 0 0 0 0 0 0 0 0 0 2059 1035 0 2109 1053 2048 2048 2048 2048 2048 2048 3072 2059 1035 0 0 0 0 0 0 0 0 0 0 0 0 0 0 0 0 0 0 0 2059 1035 0 0 0 0 11 3083 0 0 0 0 0 0 0 0 0 0 2059 1035 0 0 11 3083 0 0 0 0 1057 0 0 0 0 0 0 0 0 0 0 3088 0 0 0 0 2059 1035 0 0 0 0 0 0 0 2077 1085 0 0 0 0 0 0 0 0 0 0 0 2077 1085 0 0 0 0 0 0 0 0 0 0 0 0 0 0 0 0 0 0 0 0 0 0 0 0 0 0 0 0 0 0 0 0 
0 0 0 0 0 0 0 0 0 0 0 0 0 0 0 0 0 0 0 0 0 0 11 3083 0 0 0 0 0 0 0 0 0 0 11 3083 0 0 0 0 0 0 0 0 0 0 0 0 0 0 0 0 0 0 0 0 0 0 0 0 2059 1035 2077 1085 2048 2048 0 0 0 0 0 0 2059 1035 3072 0 0 0 0 0 0 0 0 0 0 0 0 0 0 0 0 0 3072 2059 1035 0 0 11 3083 0 0 0 0 0 0 0 0 0 0 0 0 2059 1035 11 3083 0 0 0 0 0 1057 0 0 0 0 0 0 0 0 0 0 0 0 0 0 0 11 3083 0 0 0 0 0 0 0 0 2109 1053 0 0 0 0 0 0 0 0 0 0 0 2109 1053 0 0 0 0 0 0 0 0 0 0 0 0 0 0 0 0 0 0 0 0 0 0 0 0 0 0 0 0 0 0 0 
0 0 0 0 0 0 0 0 0 0 0 0 0 0 0 0 0 0 0 0 0 29 3133 0 0 0 0 0 0 0 0 0 0 11 3083 0 0 0 0 0 0 0 0 0 0 0 0 0 0 0 0 0 0 0 0 0 0 0 0 0 0 2109 1053 2109 1053 0 0 0 0 0 0 0 3072 2059 1035 0 0 0 0 0 0 0 0 0 0 0 0 0 0 0 0 0 3072 3072 2059 1035 11 3083 0 0 0 0 0 0 0 0 0 0 0 0 0 0 2059 3083 0 0 0 0 0 0 1057 0 0 0 0 0 0 0 0 0 0 0 0 0 0 11 3083 0 0 0 0 0 0 0 0 0 2077 1085 0 0 0 0 0 0 0 0 0 0 0 2077 1085 0 0 0 0 0 0 0 0 0 2048 2048 2048 2048 2048 2048 2048 0 0 0 0 0 0 0 0 0 0 0 0 0 0 0 
0 0 0 0 0 0 0 0 0 0 0 0 0 0 0 0 0 0 0 0 0 61 3101 2048 0 0 0 0 0 0 0 0 11 3083 0 0 0 0 0 0 0 0 0 0 0 0 0 0 0 0 0 0 0 0 0 0 0 0 0 0 0 2077 1085 2077 1085 0 0 0 0 0 0 0 0 0 33 0 0 0 0 0 0 0 0 0 0 0 0 0 0 0 0 0 3072 3072 0 2059 3083 0 0 0 0 0 0 0 0 0 0 0 0 0 0 0 0 0 0 0 0 0 0 0 1057 0 0 0 0 0 0 0 0 0 0 0 0 0 11 3083 0 0 0 0 0 0 0 0 0 0 0 2109 1053 0 0 0 0 0 0 0 0 0 0 0 2059 1035 0 1024 0 0 0 0 0 0 0 0 0 0 0 0 0 0 0 0 0 0 0 0 0 0 0 0 0 0 0 0 
0 0 0 0 0 0 0 0 0 0 0 0 0 0 0 0 0 0 0 0 29 3133 0 0 0 0 0 0 0 0 0 11 3083 0 0 0 0 0 0 0 0 0 0 0 0 0 0 0 0 0 0 0 0 0 0 0 0 0 0 0 0 0 2109 1053 2109 1053 0 0 0 0 0 0 0 0 33 0 0 0 0 0 0 0 0 0 0 0 0 0 0 0 0 0 0 0 0 0 0 0 0 0 0 0 0 0 0 0 0 0 0 0 0 0 0 0 0 0 0 0 0 0 1057 0 0 0 0 0 0 0 0 0 0 0 0 11 3083 0 0 0 0 0 0 0 0 0 0 0 0 2077 1085 0 0 0 0 0 0 0 0 0 0 0 1024 2059 1035 1024 0 0 0 0 0 0 0 0 0 0 0 0 0 0 0 0 0 0 0 0 0 0 0 0 0 0 0 0 
0 0 0 0 0 0 0 0 0 0 0 0 0 0 0 0 0 0 0 0 61 3101 0 0 0 0 0 0 0 0 11 3083 0 0 0 0 0 0 0 0 0 0 0 0 0 114 115 3 3 3 3 3 1035 3072 0 0 0 0 0 0 0 0 2077 1085 2077 1085 0 0 0 0 0 0 0 0 33 0 0 0 0 0 0 0 0 0 0 0 0 0 0 0 0 0 0 0 0 0 0 0 0 0 0 0 0 0 0 0 0 0 0 0 0 0 0 0 0 0 0 0 0 0 1057 0 0 0 0 0 0 0 0 0 0 0 11 3083 0 0 0 0 0 0 0 0 0 0 0 0 0 0 2109 1053 0 0 0 0 0 0 0 0 0 0 0 0 2059 1035 0 0 0 0 0 0 0 0 0 0 0 0 0 0 0 0 0 0 0 0 0 0 0 0 0 0 0 0 
0 0 0 0 0 0 0 0 0 0 0 0 0 0 0 0 0 0 0 29 3133 0 0 0 0 0 0 0 0 11 3083 0 0 0 0 0 0 0 0 0 0 0 0 114 115 3187 3186 0 0 0 0 0 2109 1053 0 0 0 0 0 0 0 0 0 2109 1053 2109 1053 0 0 0 0 0 0 0 33 0 0 0 0 0 0 0 0 0 0 0 0 0 0 0 0 0 0 0 0 0 0 0 0 0 0 0 0 0 0 0 0 0 0 0 0 0 11 3 3 3 3 3 3 3 3076 0 0 0 0 0 0 0 0 0 0 78 79 3 3 3 3 3 3 1035 0 0 0 0 0 0 0 0 2077 1085 0 0 0 0 0 0 0 0 0 0 0 1024 1024 2059 1035 0 0 0 0 0 0 0 0 0 0 0 0 0 0 0 0 0 0 0 0 0 0 0 0 0 0 0 
0 0 0 0 0 0 0 0 0 0 0 0 0 0 0 0 0 0 0 61 3101 0 0 0 0 0 0 0 29 3133 0 0 0 0 0 0 0 0 0 0 0 114 115 3187 3186 0 0 3072 3072 0 0 0 2077 1085 0 0 0 0 0 0 0 0 0 2077 1085 2077 1085 0 0 0 0 0 0 0 2109 1053 0 0 0 0 0 0 0 0 0 0 0 0 0 0 0 0 0 0 0 0 0 0 0 0 0 0 0 0 0 0 0 0 0 0 0 0 33 240 229 0 0 0 0 0 0 0 0 0 0 0 0 0 0 0 0 0 0 0 0 246 230 0 0 1057 0 0 0 0 0 0 0 0 0 2109 1053 0 0 0 0 0 0 0 0 0 0 0 0 0 2059 1035 0 0 0 1024 1024 0 0 0 0 0 0 0 0 0 0 0 0 0 0 0 0 0 0 0 0 0 
0 0 0 0 0 0 0 0 0 0 0 0 0 0 0 0 0 0 29 3133 0 0 0 0 0 0 0 0 61 3101 0 0 0 0 0 0 0 0 0 114 115 92 93 3 3 3 3 1035 3072 0 0 0 0 33 0 0 0 0 0 0 0 0 0 0 33 0 33 0 0 0 0 0 0 0 2077 1075 3 3 1027 1035 3072 0 0 0 0 0 0 0 0 0 0 0 0 0 0 0 0 0 0 0 0 0 0 0 0 0 0 0 0 0 0 0 33 0 0 0 0 0 0 0 0 0 0 0 0 0 0 0 0 0 0 0 0 0 0 0 0 0 0 1057 0 0 0 0 0 0 0 0 0 2077 1085 0 0 0 0 0 0 0 0 0 0 0 0 0 0 2059 1139 1138 0 0 0 0 0 0 0 0 0 0 0 0 0 0 0 0 0 0 0 0 0 0 0 0 
0 0 0 0 0 0 0 0 0 0 0 0 0 0 0 0 0 0 61 3101 0 0 0 0 0 0 0 29 3133 0 0 0 0 0 0 0 0 0 11 3187 3186 0 0 0 0 0 0 2059 1035 3072 0 0 0 33 0 0 0 0 0 0 0 0 0 0 33 0 33 0 0 0 0 0 0 0 0 0 0 0 1024 1057 0 0 0 0 0 0 0 0 0 0 0 0 0 0 0 0 0 0 0 0 0 0 0 0 0 0 0 0 0 0 0 0 33 0 0 0 0 0 0 0 0 0 0 0 0 0 0 0 0 0 0 0 0 0 0 0 0 0 0 1057 0 0 0 0 0 0 0 0 0 0 2059 1035 0 0 0 0 0 0 0 0 0 0 0 0 0 0 2162 2163 1139 1138 0 0 1024 0 0 0 0 0 0 0 0 0 0 0 0 0 0 0 0 0 0 0 
0 0 0 0 0 0 0 0 0 0 0 0 0 0 0 0 0 29 3133 0 0 0 0 0 0 0 0 3092 3101 0 0 0 0 0 0 0 0 11 3083 2048 0 0 0 0 0 0 0 3072 2059 1035 0 11 2051 3083 0 0 0 0 0 0 0 0 0 0 2059 3 36 0 0 0 0 0 0 0 0 0 0 0 1024 1057 0 0 0 0 0 0 0 0 0 0 0 0 0 0 0 0 0 0 0 0 0 0 0 0 0 0 0 0 0 0 0 0 33 0 0 0 0 0 0 0 0 0 0 0 0 0 0 0 0 0 0 0 0 0 0 0 0 0 0 1057 0 0 0 0 0 0 0 0 0 0 0 2059 1035 0 0 0 0 0 0 0 0 0 0 0 0 0 0 0 2162 2163 1139 1138 1024 0 0 0 0 0 0 0 0 0 0 0 0 0 0 0 0 0 0 0 
0 0 0 0 0 0 0 0 0 0 0 0 0 0 0 0 0 61 3101 0 0 0 0 0 0 0 0 0 0 0 0 0 0 0 0 0 11 3083 2048 0 0 0 0 0 0 0 0 0 3072 2059 1035 33 249 0 0 0 0 0 0 0 0 0 0 0 1273 0 33 0 0 0 0 0 0 0 2048 2048 2048 2048 3072 1057 0 0 0 0 0 0 0 0 0 0 0 0 0 0 0 0 0 0 0 0 0 0 0 0 0 0 0 0 0 0 0 0 2059 3 3 3 3 3 3 3151 3150 0 0 0 0 0 0 0 0 0 0 4 3 3 3 3 3 3 3 3083 0 0 0 0 0 0 0 0 0 0 0 0 2059 1035 0 0 0 0 0 0 0 0 0 0 0 0 0 0 0 0 2162 3137 1024 0 0 0 0 0 0 0 0 0 0 0 0 0 0 0 0 0 0 0 
0 0 0 0 0 0 0 2048 2048 2048 2048 2048 2048 2048 0 0 29 3133 0 0 0 0 0 0 0 0 0 0 0 0 0 0 0 0 0 11 3083 0 0 0 0 0 0 0 0 0 0 0 0 3072 2059 2096 0 0 0 0 0 0 0 0 0 0 0 0 1024 0 33 0 0 0 0 0 0 0 0 0 0 0 0 3105 0 0 0 0 0 0 0 0 0 0 0 0 0 0 0 0 0 0 0 0 0 0 0 0 0 0 0 0 0 0 0 0 0 0 0 0 0 0 11 3083 0 0 0 0 0 0 0 0 0 0 0 1057 0 0 0 0 0 0 0 0 11 3 3 3 3 1035 0 0 0 0 0 0 0 2059 1035 0 0 0 0 0 0 0 0 0 0 0 0 0 0 0 0 3105 1024 0 0 0 0 0 0 0 0 0 0 0 0 0 0 0 0 0 0 0 
2048 0 0 0 0 0 0 0 0 0 0 0 0 0 0 0 61 3101 0 0 0 0 0 0 0 0 0 0 0 0 0 0 0 0 78 3083 0 0 0 0 0 0 0 0 0 0 0 0 0 0 3072 33 249 0 0 0 0 0 0 0 0 0 0 0 1273 0 33 0 0 0 0 0 192 1216 0 0 0 0 0 1057 0 0 0 0 0 0 0 0 0 0 0 0 0 0 0 0 0 0 0 0 0 0 0 0 0 0 0 0 0 0 0 0 0 0 0 0 0 11 3083 0 0 0 0 0 0 0 0 0 0 0 0 1057 0 0 0 0 0 0 0 0 33 240 231 0 0 1057 0 0 0 0 0 0 0 0 2059 1139 1138 0 0 0 0 0 0 0 0 0 0 0 0 0 0 3105 0 0 0 0 0 0 0 0 0 0 0 0 0 0 0 0 0 0 0 0 
0 0 0 0 0 0 0 0 0 0 0 0 0 0 0 29 3133 0 0 0 0 0 0 0 0 0 0 0 0 0 0 0 0 0 0 0 0 0 0 0 0 0 0 0 0 0 0 0 0 0 0 33 0 0 0 0 0 0 0 0 0 0 0 0 0 0 33 0 0 0 0 0 1224 200 0 0 0 0 0 3105 0 0 0 0 0 0 0 0 0 0 0 0 0 0 0 0 0 0 0 0 0 0 0 0 0 0 0 0 0 0 0 0 0 0 0 0 11 3083 0 0 0 0 0 0 0 0 0 0 0 0 0 1057 0 0 0 0 0 0 0 0 33 0 0 0 0 1057 0 0 0 0 11 1035 0 0 0 2162 2163 1139 1138 0 0 0 0 0 0 0 0 0 0 0 0 3105 0 0 0 0 0 0 0 0 0 0 0 0 0 0 0 0 0 0 0 0 
0 0 0 0 0 0 0 0 0 0 0 0 0 0 0 61 3101 0 0 0 0 0 0 0 0 0 0 0 0 0 0 0 0 0 0 0 0 0 0 0 0 0 0 0 0 0 0 0 0 0 0 33 249 0 0 0 0 0 0 0 0 0 0 0 1273 0 33 0 0 0 0 0 2240 3264 0 0 0 0 0 1057 0 0 0 0 0 0 0 0 0 0 0 0 0 0 0 0 0 0 0 0 0 0 0 0 0 0 0 0 0 0 0 0 0 0 0 11 3083 1270 225 0 0 0 0 0 0 0 0 0 0 0 0 1057 0 0 0 0 0 0 0 0 33 0 0 0 0 1057 0 0 0 11 3083 2059 1035 0 0 0 0 2162 3137 0 0 0 0 0 0 0 0 0 0 0 0 3105 0 0 0 0 0 0 0 0 0 0 0 0 0 0 0 0 0 0 0 0 
0 2048 2048 2048 0 0 0 0 0 0 0 0 0 0 29 3133 0 0 0 0 0 0 0 0 0 0 0 0 0 0 0 0 0 0 0 0 0 0 0 0 0 0 0 0 11 1035 0 0 0 0 0 33 0 0 0 0 0 0 0 0 0 0 0 0 0 0 33 0 0 0 0 0 0 0 0 0 0 0 0 3105 0 0 0 0 0 0 0 0 0 0 0 0 0 0 0 0 0 0 0 0 0 0 0 0 0 0 0 0 0 0 0 0 0 0 11 3083 0 0 0 0 0 0 0 0 0 0 0 0 0 0 0 1057 0 0 0 0 0 0 0 0 33 0 0 0 0 1057 0 0 11 3083 1270 229 2059 1035 0 0 0 0 3105 0 0 0 0 0 0 0 0 0 0 0 0 3105 0 0 0 0 0 0 0 0 0 0 0 0 0 0 0 0 0 0 0 0 
0 0 0 0 0 0 0 0 2048 0 0 0 0 0 61 3101 0 0 0 0 0 0 0 0 0 0 0 0 0 0 0 0 0 0 0 0 0 0 0 0 0 0 0 11 3083 33 0 0 0 0 0 33 249 0 0 0 0 0 0 0 0 0 0 0 1273 0 33 0 0 0 0 0 0 0 0 0 0 0 0 1057 0 0 0 0 0 0 0 0 0 0 0 0 0 0 0 0 0 0 0 0 0 0 0 0 0 0 0 0 0 0 0 0 0 0 2059 1035 0 0 0 0 16 0 0 0 0 0 0 0 0 0 0 1057 0 0 0 0 0 0 0 0 33 0 0 0 0 1057 0 11 3083 0 0 0 0 2059 1035 0 0 0 3105 0 0 0 0 0 0 0 0 0 0 0 0 3105 0 0 0 0 0 0 0 0 0 0 0 0 0 0 0 0 0 0 0 0 
0 0 0 0 0 0 0 0 0 0 0 0 0 29 3133 0 0 0 0 0 0 0 0 0 0 0 0 0 0 0 0 0 0 0 0 0 0 0 0 0 0 114 115 3083 0 33 0 0 0 0 0 33 0 0 0 0 0 0 0 0 0 0 0 0 0 0 33 0 0 0 0 0 0 0 0 0 0 0 0 3105 0 0 0 0 0 0 0 0 0 0 0 0 0 0 0 0 0 0 0 0 0 0 0 0 0 0 0 0 0 0 0 0 0 0 0 2059 1035 0 0 11 48 0 0 0 0 0 0 0 0 0 0 1057 0 0 0 0 0 0 0 0 33 0 0 0 0 1057 11 3083 0 0 0 0 0 11 3083 0 0 0 3105 0 0 0 0 0 0 0 0 0 0 0 0 3105 0 0 0 0 0 0 0 0 0 0 0 0 0 0 0 0 0 0 0 0 
0 0 0 0 0 0 0 0 0 0 0 0 0 61 3101 0 0 0 0 0 0 0 0 0 0 0 0 0 0 0 0 0 0 0 0 0 0 0 0 114 115 3187 3186 0 0 33 0 0 0 0 0 1060 2051 1035 0 0 0 0 0 0 0 0 0 0 11 2051 36 0 0 0 0 0 0 0 0 0 0 0 0 3105 0 0 0 0 0 0 0 0 0 0 0 0 0 0 0 0 0 0 0 0 0 0 0 0 0 0 0 0 0 0 0 0 0 0 0 0 2059 1035 11 3083 2081 0 0 0 0 0 0 0 0 0 0 1057 0 0 0 0 0 0 0 0 33 0 0 0 0 3120 3083 0 0 0 0 0 11 3083 0 0 0 0 3105 0 0 0 0 0 0 0 0 0 0 0 0 3105 0 0 0 0 0 0 0 0 0 0 0 0 0 0 0 0 0 0 0 0 
0 0 0 0 0 0 0 0 0 0 0 0 29 3133 0 0 0 0 0 0 0 0 0 0 0 0 0 0 0 0 0 0 0 0 0 0 0 114 115 3187 3186 0 0 0 0 33 0 0 0 2048 0 33 0 2059 1035 248 0 248 0 248 0 248 0 11 3083 29 3133 0 0 0 0 0 0 0 29 3123 2051 2051 3075 3083 0 0 0 0 0 0 0 0 0 0 0 0 0 0 0 0 0 0 0 0 0 0 0 0 0 0 0 0 0 0 0 0 0 0 0 0 0 2059 3083 0 2081 0 0 0 0 0 0 0 0 0 0 1104 1027 1027 1027 1027 3 3 3 3 80 0 0 0 0 3088 0 0 0 0 0 78 79 3 3 3 3 3 80 236 236 236 236 236 236 236 236 236 236 236 236 3105 0 0 0 0 0 0 0 0 0 0 0 0 0 0 0 0 0 0 0 0 
0 0 0 0 0 0 0 0 0 0 0 0 61 3101 0 0 0 0 0 0 0 0 0 0 0 0 0 0 0 0 0 0 0 0 0 114 115 3187 3186 0 0 0 0 0 0 33 0 0 0 0 0 33 0 0 1057 0 0 0 0 0 0 0 0 33 0 61 3101 0 0 0 0 0 0 0 61 3101 0 0 0 0 0 0 0 0 0 0 0 0 0 0 0 0 0 0 0 0 0 0 0 0 0 0 0 0 0 0 0 0 0 0 0 0 0 0 0 0 0 0 0 0 33 0 0 0 0 0 0 0 0 0 0 0 0 0 0 0 0 0 0 0 0 0 0 0 0 0 0 0 0 0 0 0 0 0 0 0 0 0 0 236 236 236 236 236 236 236 236 236 236 236 236 3105 0 0 0 0 0 0 0 0 0 0 0 0 0 0 0 0 0 0 0 0 
0 0 0 0 0 0 0 0 0 0 0 29 3133 0 0 0 0 0 0 0 0 0 0 0 0 0 0 0 0 0 0 0 0 114 115 3187 3186 0 0 0 0 0 0 0 0 33 0 0 0 0 0 33 0 0 2059 2051 2051 3 3 3 2051 3 2051 3083 29 3133 0 0 0 0 0 0 0 0 2081 0 0 0 0 0 0 0 0 0 0 0 0 0 0 0 0 0 0 0 0 0 0 0 0 0 0 0 0 0 0 0 0 0 0 0 0 0 0 0 0 0 0 0 0 0 33 0 0 0 0 0 0 0 0 0 0 0 0 0 0 0 0 0 0 0 0 0 0 0 0 0 0 0 0 0 0 0 0 0 0 0 0 0 0 236 236 236 236 236 236 236 236 236 236 236 236 3105 0 0 0 0 0 0 0 0 0 0 0 0 0 0 0 0 0 0 0 0 
0 0 0 0 0 0 0 0 0 0 0 61 3101 0 0 0 0 0 0 0 0 0 0 0 0 0 0 0 0 0 0 114 115 3187 3186 0 11 2051 2051 2051 2051 1035 0 0 0 33 0 0 0 0 0 33 0 0 0 0 0 0 0 0 0 0 0 0 61 3101 0 0 0 0 0 0 0 0 2081 0 0 0 0 0 0 0 0 0 0 0 0 0 0 0 0 0 0 0 0 0 0 0 0 0 0 0 0 0 0 0 0 0 0 0 0 0 0 0 0 0 0 0 0 0 33 0 0 0 0 0 0 0 0 0 0 0 0 0 0 0 0 0 0 0 0 0 0 0 0 0 0 0 0 0 0 0 0 0 0 0 0 0 0 236 236 236 236 236 236 236 236 236 236 236 236 3105 0 0 0 0 0 0 0 0 0 0 0 0 0 0 0 0 0 0 0 0 
0 0 0 0 0 0 0 0 0 0 29 3133 0 0 0 0 0 0 0 0 0 0 0 0 0 0 0 0 0 114 115 3187 3186 0 0 0 2081 2296 0 2296 0 3105 0 0 0 33 0 0 0 0 0 33 0 0 0 0 0 0 0 0 0 0 0 29 3133 0 0 0 0 0 0 0 0 0 2081 0 0 0 0 0 0 0 0 0 0 0 0 0 0 0 0 0 0 0 0 0 0 0 0 0 0 0 0 0 0 0 0 0 0 0 0 0 0 0 0 0 0 0 0 0 33 0 0 0 0 0 0 0 0 0 0 0 0 0 0 0 0 0 0 0 0 0 0 0 0 0 0 0 0 0 0 0 0 0 0 0 0 0 0 236 236 236 236 236 236 236 236 236 236 236 236 3105 0 0 0 0 0 0 0 0 0 0 0 0 0 0 0 0 0 0 0 0 
0 0 0 0 0 0 0 0 0 0 61 3101 0 0 0 0 0 0 0 0 0 0 0 0 0 0 0 114 115 3187 3186 0 0 0 11 2051 3083 0 0 0 0 2059 2051 2051 2051 3083 0 0 0 0 0 33 0 0 0 0 0 0 0 0 0 0 0 61 3101 0 0 0 0 0 0 0 0 0 2081 0 0 0 0 0 0 0 0 0 0 0 0 0 0 0 0 0 0 0 0 0 0 0 0 0 0 0 0 0 0 0 0 0 0 0 0 0 0 0 0 0 0 0 0 0 33 0 0 0 0 0 0 0 0 0 0 0 0 0 0 0 0 0 0 0 0 0 0 0 0 0 0 0 0 0 0 0 0 0 0 0 0 0 0 236 236 236 236 236 239 236 236 236 236 236 236 3105 0 0 0 0 0 0 0 0 0 0 0 0 0 0 0 0 0 0 0 0 
0 0 0 0 0 0 0 0 0 0 33 0 0 0 0 0 0 0 0 0 0 0 0 0 0 114 115 3187 3186 0 0 0 0 11 3083 0 0 0 0 0 0 3072 0 0 0 0 0 0 0 0 0 33 0 0 0 0 0 0 0 0 0 0 11 3083 0 0 0 0 0 0 0 0 0 11 3083 0 0 0 0 0 0 0 0 0 0 0 0 0 0 0 0 0 0 0 0 0 0 0 0 0 0 0 0 0 0 0 0 0 0 0 0 0 0 0 0 0 0 0 1024 1024 33 1024 1024 0 0 0 0 0 0 0 0 0 0 0 0 0 0 0 0 0 0 0 0 0 0 0 0 0 0 0 0 0 0 0 0 0 0 0 0 236 236 236 236 236 236 236 236 236 236 236 236 3105 0 0 0 0 0 0 0 0 0 0 0 0 0 0 0 0 0 0 0 0 
0 0 0 0 0 0 0 0 0 0 33 0 0 0 0 0 0 0 0 0 0 0 0 114 115 3187 3186 0 0 0 0 0 102 103 0 0 0 0 0 0 0 0 0 0 0 0 0 0 0 0 0 33 0 0 0 0 0 0 0 0 0 11 3083 2048 0 0 0 0 0 0 0 0 11 3083 0 0 0 0 0 0 0 0 0 0 0 0 0 0 0 0 0 0 0 0 0 0 0 0 0 0 0 0 0 0 0 0 0 0 0 0 0 0 0 0 0 0 0 0 1024 1024 33 1024 1024 0 0 0 0 0 0 0 0 0 0 0 0 0 0 0 0 0 0 0 0 0 0 0 0 0 0 0 0 0 0 0 0 0 0 0 0 236 236 236 236 236 236 236 236 236 236 236 236 3105 0 0 0 0 0 0 0 0 0 0 0 0 0 0 0 0 0 0 0 0 
0 0 0 0 0 0 0 0 0 0 33 0 0 0 0 0 0 0 0 0 0 0 0 2113 3186 0 0 0 0 0 0 0 38 1062 0 2048 0 0 0 0 0 0 0 0 0 0 0 0 0 0 0 33 0 0 0 0 0 0 0 0 11 3083 0 0 0 0 0 0 0 0 0 11 3083 0 0 0 0 0 0 0 0 0 0 0 0 0 0 0 0 0 0 0 0 0 0 0 0 0 0 0 0 0 0 0 0 0 0 0 0 0 0 0 0 0 0 0 0 0 1024 1024 33 1024 1024 1024 0 0 0 0 0 0 0 0 0 0 0 0 0 0 0 0 0 0 0 0 0 0 0 0 0 0 0 0 0 0 0 0 0 0 0 236 236 236 236 236 236 236 236 236 236 236 236 3105 0 0 0 0 0 0 0 0 0 0 0 0 0 0 0 0 0 0 0 0 
0 0 0 0 0 0 0 0 0 0 33 253 253 253 253 253 253 253 253 253 253 253 253 33 0 0 0 0 0 0 0 0 38 1062 2048 2048 0 0 0 0 0 0 0 0 0 0 0 0 0 0 0 33 0 0 0 0 0 0 0 11 3083 0 0 0 1024 0 0 0 0 0 11 3083 2048 0 0 0 0 0 0 0 0 0 0 0 0 0 0 0 0 0 0 0 0 0 0 0 0 0 0 0 0 0 0 0 0 0 0 0 0 0 0 0 0 0 0 0 0 0 1024 1024 33 1024 1024 1024 0 0 0 0 0 0 0 0 0 0 0 0 0 0 0 0 0 0 0 0 0 0 0 0 0 0 0 0 0 0 0 0 0 0 0 236 236 236 236 236 236 236 236 236 236 236 236 3105 0 0 0 0 0 0 0 0 0 0 0 0 0 0 0 0 0 0 0 0 
0 0 0 0 0 0 0 0 0 0 33 253 253 253 253 253 253 253 253 253 253 253 253 33 0 0 0 0 0 0 0 0 38 1062 0 2048 0 0 0 0 0 0 0 0 0 0 0 0 0 0 0 33 0 0 0 0 0 0 11 3083 0 0 0 0 1024 0 0 0 0 11 3083 2048 0 0 0 0 0 0 0 0 0 0 0 0 0 0 0 0 0 0 0 0 0 0 0 0 0 0 0 0 0 0 0 0 0 0 0 0 0 0 0 0 0 0 0 0 0 0 1024 1024 33 1024 1024 1024 0 0 0 0 0 0 0 0 0 0 0 0 0 0 0 0 0 0 0 0 0 0 0 0 0 0 0 0 0 0 0 0 0 0 0 236 236 236 236 236 236 236 236 236 236 236 236 3105 0 1024 1024 0 0 0 0 0 0 0 0 0 0 0 0 0 0 0 0 0 
0 0 0 0 0 0 0 0 0 0 33 253 253 253 253 253 253 253 253 253 253 253 253 33 0 0 0 0 0 0 0 0 38 1062 0 2048 0 0 0 0 0 0 0 0 0 0 0 0 0 0 0 33 0 0 0 0 0 11 3083 0 0 0 0 0 0 0 0 0 11 3083 2048 0 0 0 0 0 0 0 0 0 0 0 0 0 0 0 0 0 0 0 0 0 0 0 0 0 0 0 0 0 0 0 0 0 0 0 0 0 0 0 0 0 0 0 0 0 0 0 1024 1024 2052 1027 1027 1027 1027 1027 1027 1027 1027 1027 1027 3075 3075 3151 3150 0 0 0 0 0 16 0 0 0 0 3152 3 3 1027 1027 1027 1027 3 3 3 3 2051 2051 2128 236 236 236 236 236 236 236 236 236 236 236 236 3105 0 0 0 0 0 0 0 0 0 0 0 0 0 0 0 0 0 0 0 0 
0 0 0 0 0 0 0 0 0 0 33 253 253 253 253 253 253 253 253 253 253 253 253 33 0 0 0 0 0 0 0 0 38 1062 0 0 0 0 0 0 2048 2126 3 2051 2051 2051 3 3 3 3 3 3077 2051 2051 2051 3 3 3083 0 0 0 0 0 0 0 0 0 11 3083 1024 0 0 0 0 0 0 0 0 0 0 0 0 0 0 0 0 0 0 0 0 0 0 0 0 0 0 0 0 0 0 0 0 0 0 0 0 0 0 0 0 0 0 0 0 0 0 0 0 1024 1024 1024 1024 1024 1024 0 0 0 0 0 0 0 0 11 3083 240 230 0 0 0 11 48 0 0 0 0 3105 0 0 0 0 0 0 0 0 0 0 0 3072 2059 3075 3075 3075 3075 3 1027 1027 1027 1027 3 3 1027 3083 2048 1024 1024 0 0 0 0 0 0 0 0 0 0 0 0 0 0 0 0 0 
0 0 0 0 0 0 0 0 0 0 33 253 253 253 253 253 253 253 253 253 253 253 253 33 0 0 0 0 0 0 0 0 38 1062 0 0 0 0 0 0 2048 0 0 0 0 0 0 0 0 0 0 0 0 0 0 0 0 0 0 0 0 0 0 0 0 0 11 3083 2048 1024 0 0 0 0 0 0 0 0 0 0 0 0 0 0 0 0 0 0 0 0 0 0 0 0 0 0 0 0 0 0 0 0 0 0 0 0 0 0 0 0 0 0 0 0 0 0 0 0 0 0 0 0 0 0 0 0 0 0 0 0 0 11 3083 0 0 0 0 0 11 3083 2081 0 0 0 0 3105 0 0 0 0 0 0 0 0 0 0 0 2048 0 0 0 0 0 0 0 0 0 0 0 0 0 1024 3072 1024 1024 0 0 0 0 0 0 0 0 0 0 0 0 0 0 0 0 0 
0 0 0 0 0 0 0 0 0 0 33 253 253 253 253 253 251 253 253 253 253 253 253 33 0 0 0 0 0 0 0 2048 38 1062 0 0 0 0 0 0 2048 2048 2048 0 0 0 0 0 0 0 0 0 0 0 0 0 0 0 0 0 0 0 0 0 114 115 3083 2048 0 1024 0 0 0 0 0 0 0 0 0 0 0 0 0 0 0 0 0 0 0 0 0 0 1024 0 0 0 0 0 0 0 0 0 0 0 0 0 0 0 0 0 0 0 0 0 0 0 0 0 0 0 0 0 0 0 0 0 0 0 0 0 0 2059 1035 0 0 0 0 11 3083 0 2081 0 0 0 0 3105 0 0 0 0 0 0 0 0 0 0 0 0 0 0 0 0 0 0 0 0 0 0 0 0 0 0 0 0 0 0 0 0 0 0 0 0 0 0 0 0 0 0 0 0 0 0 
0 0 0 0 0 0 0 0 0 0 33 253 253 253 253 253 253 253 253 253 253 253 253 33 0 0 0 0 0 0 0 0 38 1062 0 0 0 0 0 0 2048 2048 2048 0 0 0 0 0 0 0 0 0 0 0 0 0 0 0 0 0 0 0 114 115 3187 3186 2048 0 0 0 0 0 0 0 0 0 0 0 0 0 0 0 0 0 0 0 0 0 0 3072 3072 3072 0 0 0 0 0 2048 2048 2048 2048 2048 2048 2048 2048 2048 2048 2048 2048 0 0 0 0 0 0 0 0 0 0 0 0 0 0 0 0 0 0 0 0 0 0 0 2059 1035 0 0 11 3083 0 0 2081 1270 224 0 0 3105 0 0 0 0 0 0 0 0 0 0 0 2048 0 0 0 0 0 0 0 0 0 0 0 0 0 0 0 0 0 0 0 0 0 0 0 0 0 0 0 0 0 0 0 0 0 0 
0 0 0 0 0 0 0 0 2048 2048 33 253 253 253 253 253 253 253 253 253 253 253 253 33 0 0 0 0 0 0 0 0 2077 1085 0 0 0 0 0 0 0 0 0 0 0 0 0 0 0 0 0 0 0 0 0 0 0 0 0 0 114 115 3187 3186 0 0 0 0 0 0 0 0 0 0 0 0 0 0 0 0 0 0 0 0 0 0 0 2048 3072 3072 3072 3072 0 1024 1024 0 0 0 0 0 0 0 0 0 0 0 0 0 0 0 0 0 0 0 0 0 0 0 0 0 0 0 0 0 0 0 0 0 0 0 0 0 0 2059 1035 11 3083 0 0 0 2081 0 0 0 0 3105 0 0 0 0 0 0 0 0 0 0 0 2048 0 0 0 0 0 0 0 0 0 0 0 0 0 0 0 0 0 0 0 0 0 0 0 0 0 0 0 0 0 0 0 0 0 0 
0 0 0 0 0 0 0 0 2048 2048 33 253 253 253 253 253 253 253 253 253 253 253 253 33 0 0 0 0 0 0 0 0 0 2059 1139 1138 0 0 0 0 2048 2048 2048 0 0 0 0 0 0 0 0 0 0 0 0 0 0 0 114 115 3187 3186 0 0 0 0 0 0 0 0 0 0 0 0 0 0 0 0 0 0 0 0 0 0 0 0 0 0 0 0 0 2048 0 0 0 0 0 0 0 0 0 0 0 0 0 0 0 0 0 0 0 0 0 0 0 0 0 0 0 0 0 0 0 0 0 0 0 0 0 0 0 0 0 0 2059 3083 0 0 0 0 2081 0 0 0 0 3105 0 0 0 0 0 0 0 0 0 0 0 2048 0 0 0 0 0 0 0 0 0 0 0 0 0 0 0 0 0 0 0 0 0 0 0 0 0 0 0 0 0 0 0 0 0 0 
0 0 0 0 0 0 0 0 2048 2048 33 253 253 253 253 253 253 253 253 253 253 253 253 33 0 0 0 0 0 0 0 0 0 0 2162 2163 1139 1138 0 0 0 0 0 0 0 0 0 0 0 0 0 0 0 0 0 0 114 115 3187 3186 0 0 0 0 0 0 0 0 0 0 0 0 0 0 0 0 0 0 0 0 0 0 0 0 0 0 0 0 2048 2048 2048 0 0 0 0 0 0 0 0 0 0 0 0 0 0 0 0 0 0 0 0 0 0 0 0 0 0 0 0 0 0 0 0 0 0 0 0 0 0 0 0 0 0 0 0 0 0 0 0 0 2081 0 0 0 0 3105 0 0 0 0 0 0 0 0 0 0 0 0 0 0 0 0 0 0 0 0 0 0 0 0 0 0 0 0 0 0 0 0 0 0 0 0 0 0 0 0 0 0 0 0 0 0 
0 0 0 0 0 0 0 0 0 0 33 253 253 253 253 253 253 253 253 253 253 253 253 33 0 0 0 0 0 0 0 0 0 0 0 0 2162 2163 1139 1138 0 0 0 0 0 0 0 0 0 0 0 0 0 0 114 115 3187 3186 0 0 0 0 0 0 0 0 0 0 0 0 0 0 0 0 0 0 0 0 0 0 0 0 0 0 0 0 0 0 2048 2048 2048 0 0 0 0 0 0 0 0 0 0 0 0 0 0 0 0 0 0 0 0 0 0 0 0 0 0 0 0 0 0 0 0 0 0 0 0 0 0 0 0 0 0 0 0 0 0 0 0 0 2059 3075 3075 3075 3075 3083 0 0 0 0 0 0 0 0 0 0 0 0 0 0 0 0 0 0 0 0 0 0 0 0 0 0 0 0 0 0 0 0 0 0 0 0 0 0 0 0 0 0 0 0 0 0 
0 0 0 0 0 0 0 0 0 0 33 253 253 253 253 253 253 253 253 253 253 253 253 33 0 0 0 0 0 0 0 0 0 0 0 0 0 0 2162 2163 3 3 3 2051 2051 2051 3 3 3 2051 2051 3 3 3 3187 3186 0 0 0 0 0 0 0 0 0 0 0 0 0 0 0 0 0 0 0 0 0 0 0 0 0 0 0 0 0 0 0 0 2048 2048 2048 0 0 0 0 0 0 0 0 0 0 0 0 0 0 0 0 0 0 0 0 0 0 0 0 0 0 0 0 0 0 0 0 0 0 0 0 0 0 0 0 0 0 0 0 0 0 0 0 0 0 0 0 0 0 0 0 0 0 0 0 0 0 0 0 0 0 0 0 0 0 0 0 0 0 0 0 0 0 0 0 0 0 0 0 0 0 0 0 0 0 0 0 0 0 0 0 0 0 0 0 0 
0 0 0 0 0 0 0 0 0 0 2059 3 3 1035 248 2048 248 2048 248 2048 11 2051 2051 3083 0 0 0 0 0 0 0 0 0 0 0 0 0 0 0 0 0 0 0 0 0 0 0 0 0 0 0 0 0 0 0 0 0 0 0 0 0 0 0 0 0 0 0 0 0 0 0 0 0 0 0 0 0 0 0 0 0 0 0 0 0 0 0 0 2048 2048 2048 0 0 0 0 0 0 0 0 0 0 0 0 0 0 0 0 0 0 0 0 0 0 0 0 0 0 0 0 0 0 0 0 0 0 0 0 0 0 0 0 0 0 0 0 0 0 0 0 0 0 0 0 0 0 0 0 0 0 0 0 0 0 0 0 0 0 0 0 0 0 0 0 0 0 0 0 0 0 0 0 0 0 0 0 0 0 0 0 0 0 0 0 0 0 0 0 0 0 0 0 0 
0 0 0 0 0 0 0 0 0 0 0 0 0 33 0 0 0 0 0 2048 1057 0 0 0 0 0 0 0 0 0 0 0 0 0 0 0 0 0 0 0 0 0 0 0 0 0 0 0 0 0 0 0 0 0 0 0 0 0 0 0 0 0 0 0 0 0 0 0 0 0 0 0 0 0 0 0 0 0 0 0 0 0 0 0 0 0 0 0 2048 2048 2048 0 0 0 0 0 0 0 0 0 0 0 0 0 0 0 0 0 0 0 0 0 0 0 0 0 0 0 0 0 0 0 0 0 0 0 0 0 0 0 0 0 0 0 0 0 0 0 0 0 0 0 0 0 0 0 0 0 0 0 0 0 0 0 0 0 0 0 0 0 0 0 0 0 0 0 0 0 0 0 0 0 0 0 0 0 0 0 0 0 0 0 0 0 0 0 0 0 0 0 0 0 
0 0 0 0 0 0 0 2048 2048 2048 2048 2048 2048 2059 3 3 3 3 3 3 3083 2048 2048 2048 2048 2048 2048 2048 2048 2048 2048 2048 2048 0 0 0 0 0 0 0 0 0 0 0 0 0 0 0 0 0 0 0 0 0 0 0 0 0 0 0 0 0 0 0 0 0 0 0 0 2048 2048 2048 2048 2048 2048 2048 2048 2048 2048 2048 2048 2048 2048 0 0 0 0 0 2048 2048 2048 0 0 0 0 0 0 0 0 0 0 0 0 0 0 0 0 0 0 0 0 0 0 0 0 0 0 0 0 0 0 0 0 0 0 0 0 0 0 0 0 0 0 0 0 0 0 0 0 0 0 0 0 0 0 0 0 0 0 0 0 0 0 0 0 0 0 0 0 0 0 0 0 0 0 0 0 0 0 0 0 0 0 0 0 0 0 0 0 0 0 0 0 0 0 0 0 0 0 0 0 0 
0 0 0 0 0 0 0 0 0 0 0 0 0 0 0 0 0 0 0 0 0 0 0 0 0 0 0 0 0 0 0 0 0 0 0 0 0 0 0 0 0 0 0 0 0 0 0 0 0 0 0 0 0 0 0 0 0 0 0 0 0 0 0 0 0 0 0 0 0 0 0 0 0 0 0 0 0 0 0 0 0 0 0 0 0 0 0 0 0 0 0 0 0 0 0 0 0 0 0 0 0 0 0 0 0 0 0 0 0 0 0 0 0 0 0 0 0 0 0 0 0 0 0 0 0 0 0 0 0 0 0 0 0 0 0 0 0 0 0 0 0 0 0 0 0 0 0 0 0 0 0 0 0 0 0 0 0 0 0 0 0 0 0 0 0 0 0 0 0 0 0 0 0 0 0 0 0 0 0 0 0 0 0 0 0 0 0 0 0 0 0 0 
