128 128
227 0 229 225 0 227 225 0 0 0 0 0 0 0 0 0 0 2048 0 0 0 0 0 0 0 0 0 0 0 0 0 0 0 0 0 0 0 0 0 0 0 0 0 0 0 0 0 0 0 0 0 0 0 0 0 0 0 0 0 0 0 0 0 0 0 0 0 0 0 0 0 0 0 0 0 0 0 0 0 0 0 0 0 0 0 0 0 0 0 0 0 0 0 0 0 0 0 0 0 0 0 0 0 0 0 0 0 0 0 0 0 0 0 0 0 0 0 0 0 0 0 0 0 0 0 0 0 0 
0 0 0 0 0 0 0 0 0 0 0 0 0 0 0 0 0 0 0 0 0 0 0 0 0 0 0 0 0 0 0 2048 2048 2048 0 0 0 0 0 0 0 0 0 0 0 0 0 0 0 0 0 0 0 0 0 0 0 0 0 0 0 0 0 0 0 0 0 0 0 0 0 0 0 0 0 0 0 0 0 0 0 0 0 0 0 0 0 0 0 0 0 0 0 0 0 0 0 0 0 0 0 0 0 0 0 0 0 0 0 0 0 0 0 0 0 0 0 0 0 0 0 0 0 0 0 0 0 0 
0 0 0 0 0 0 0 0 0 0 0 0 0 0 0 0 0 0 0 0 0 0 0 0 0 1024 1024 1024 1024 1024 1024 1024 1024 1024 1024 1024 1024 1024 1024 1024 1024 1024 1024 1024 1024 1024 1024 1024 1024 1024 1024 1024 1024 1024 1024 1024 1024 1024 0 0 0 0 0 0 1024 1024 1024 1024 1024 1024 1024 1024 1024 0 0 0 0 0 0 0 0 0 0 0 0 0 0 0 0 1024 1024 1024 0 0 0 0 0 0 0 0 0 0 0 0 0 0 0 0 0 0 0 0 0 0 0 0 0 0 0 0 0 0 0 0 0 0 0 0 
0 0 0 0 0 0 0 0 0 0 0 0 0 0 0 0 0 0 0 0 0 0 0 0 0 1024 1024 1024 1024 1024 1024 1024 1024 1024 1024 1024 1024 1024 1024 1024 1024 1024 1024 1024 1024 1024 1024 1024 1024 1024 1024 1024 1024 1024 1024 1024 1024 1024 0 0 0 0 0 0 1024 1024 1024 1024 1024 1024 1024 1024 1024 1024 1024 1024 1024 1024 1024 1024 1024 1024 1024 1024 1024 1024 1024 1024 1024 0 1024 1024 0 0 0 0 0 0 0 0 0 0 0 0 0 0 0 0 0 0 0 0 0 0 0 0 0 0 0 0 0 0 0 0 0 0 0 0 
0 0 0 0 0 0 0 0 0 0 0 0 0 0 0 0 0 0 0 0 0 0 0 0 0 11 2051 2051 2051 2051 1027 1027 1027 2051 2051 2051 2051 2051 1035 1024 1024 1024 1024 1024 1024 1024 1024 1024 1024 1024 1024 1024 1024 1024 1024 1024 1024 1024 0 0 0 0 0 0 1024 1024 1024 1024 1024 1024 1024 1024 1024 1024 1024 1024 1024 1024 1024 1024 1024 1024 1024 1024 1024 1024 1024 1024 1024 1024 1024 1024 0 0 0 0 0 0 0 0 0 0 0 0 0 0 0 0 0 0 0 0 0 0 0 0 0 0 0 0 0 0 0 0 0 0 0 0 
0 0 0 0 0 0 0 0 0 0 0 0 0 0 0 0 0 0 0 0 0 0 0 0 0 1057 254 254 254 254 254 254 254 254 254 254 254 254 33 1024 1024 1024 1024 1024 1024 1024 1024 1024 1024 1024 11 2051 2051 2051 2051 1035 1024 1024 0 0 0 0 0 0 1024 1024 1024 1024 1024 1024 1024 1024 1024 1024 1024 1024 1024 1024 1024 1024 1024 1024 1024 1024 1024 1024 1024 1024 1024 1024 1024 1024 0 0 0 0 0 0 0 0 0 0 0 0 0 0 0 0 0 0 0 0 0 0 0 0 0 0 0 0 0 0 0 0 0 0 0 0 
0 0 0 0 0 0 0 0 0 0 0 0 0 0 0 0 0 0 0 0 0 0 0 0 0 1057 254 254 254 254 254 254 254 254 254 254 254 254 33 1024 1024 1024 1024 1024 1024 1024 1024 1024 1024 1024 33 2296 3072 2296 0 1057 0 0 0 0 0 0 0 0 1024 1024 1024 1024 1024 1024 1024 1024 1024 1024 1024 1024 1024 1024 1024 1024 1024 1024 1024 1024 1024 1024 1024 1024 1024 1024 1024 1024 0 0 0 0 0 0 0 0 0 0 0 0 0 0 0 0 0 0 0 0 0 0 0 0 0 0 0 0 0 0 0 0 0 0 0 0 
0 0 0 0 0 0 0 0 0 0 0 0 0 0 0 0 2048 0 0 0 0 0 0 0 0 1057 254 254 254 254 254 254 254 254 254 254 254 254 33 1024 1024 1024 1024 1024 1024 1024 11 1027 3 3 3083 1024 1024 1024 1024 2059 1035 2048 0 0 0 0 0 0 1024 1024 1024 1024 1024 1024 1024 1024 1024 1024 1024 1024 1024 1024 1024 1024 1024 1024 1024 1024 1024 1024 1024 1024 1024 1024 1024 1024 0 0 0 0 0 0 0 0 0 0 0 0 0 0 0 0 0 0 0 0 0 0 0 0 0 0 0 0 0 0 0 0 0 0 0 0 
0 0 0 0 0 0 0 0 0 0 0 0 0 0 0 0 0 0 0 0 0 0 0 0 0 2081 254 254 254 254 254 254 254 254 254 254 254 254 3105 1024 1024 1024 1024 1024 1024 1024 1057 2048 3072 0 0 1024 1024 1024 0 0 2059 1035 0 0 0 0 0 0 1024 1024 1024 1024 1024 1024 1024 1024 1024 1024 1024 1024 1024 1024 1024 1024 1024 1024 1024 1024 1024 1024 1024 1024 1024 1024 1024 1024 0 0 0 0 0 0 0 0 0 0 0 0 0 0 0 0 0 0 0 0 0 0 0 0 0 0 0 0 0 0 0 0 0 0 0 0 
0 0 0 0 0 0 0 0 0 0 0 0 0 0 0 0 0 0 0 0 0 0 0 0 0 2081 254 254 254 254 254 254 254 254 254 254 254 254 3105 1024 1024 1024 1024 1024 1024 1024 3105 1024 1024 2048 0 0 0 3072 3072 3072 3072 1057 0 0 0 0 0 0 1024 1024 1024 1024 1024 1024 1024 1024 1024 1024 1024 1024 1024 1024 1024 1024 1024 1024 1024 1024 1024 1024 1024 1024 1024 1024 1024 1024 0 0 0 0 0 0 0 0 0 0 0 0 0 0 0 0 0 0 0 0 0 0 0 0 0 0 0 0 0 0 0 0 0 0 0 0 
0 0 0 0 0 0 0 0 0 0 0 0 0 0 0 0 0 0 0 0 0 0 0 0 0 2081 254 254 254 254 254 255 254 254 254 254 254 254 3105 1024 1024 1024 1024 1024 1024 1024 3105 0 1024 2048 2048 1024 1024 1024 1024 1024 1024 3105 0 0 0 0 0 0 0 1024 1024 1024 1024 1024 1024 1024 1024 1024 1024 1024 1024 1024 1024 1024 1024 1024 1024 1024 1024 1024 1024 1024 1024 1024 1024 1024 0 0 0 0 0 0 0 0 0 0 0 0 0 0 0 0 0 0 0 0 0 0 0 0 0 0 0 0 0 0 0 0 0 0 0 0 
0 0 0 0 0 0 0 0 0 0 0 0 0 0 0 0 0 0 0 0 0 0 0 0 0 1057 254 254 254 254 254 254 254 254 254 254 254 254 33 1024 1024 0 0 0 0 0 3105 1024 1024 2048 2048 1024 1024 1024 1024 1024 1024 3105 0 0 0 0 0 0 1024 1024 1024 1024 1024 1024 1024 1024 1024 1024 1024 1024 1024 1024 1024 1024 1024 1024 1024 1024 1024 1024 1024 1024 1024 1024 1024 1024 0 0 0 0 0 0 0 0 0 0 0 0 0 0 0 0 0 0 0 0 0 0 0 0 0 0 0 0 0 0 0 0 0 0 0 0 
0 0 0 0 0 0 0 0 0 0 0 0 0 0 0 0 0 0 0 0 0 0 0 0 0 1057 254 254 254 254 254 254 254 254 254 254 254 254 33 1024 1024 0 0 0 0 0 3105 1024 1024 2048 2048 192 1216 1024 1024 1024 1024 3105 0 0 0 0 0 0 1024 1024 1024 1024 1024 1024 1024 1024 1024 1024 1024 1024 1024 1024 1024 1024 1024 1024 1024 1024 1024 1024 1024 1024 1024 1024 1024 1024 0 0 0 0 0 0 0 0 0 0 0 0 0 0 0 0 0 0 0 0 0 0 0 0 0 0 0 0 0 0 0 0 0 0 0 0 
0 0 0 0 0 0 0 0 0 0 0 0 0 0 0 0 0 0 0 0 0 0 0 0 0 1057 254 254 254 254 254 254 254 254 254 254 254 254 33 1024 1024 0 0 0 0 0 3105 0 1024 2048 1024 3272 2248 1024 1024 1024 1024 3105 0 0 0 0 0 0 1024 1024 1024 1024 1024 1024 1024 1024 1024 1024 1024 1024 1024 1024 1024 1024 1024 1024 1024 1024 1024 1024 1024 1024 1024 1024 1024 1024 0 0 0 0 0 0 0 0 0 0 0 0 0 0 0 0 0 0 0 0 0 0 0 0 0 0 0 0 0 0 0 0 0 0 0 0 
0 0 0 0 0 0 0 0 0 0 0 0 0 0 0 0 0 0 0 0 0 0 0 0 0 2081 254 254 254 254 254 254 254 254 254 254 254 254 3105 1024 1024 0 0 0 0 0 3105 1024 1024 0 0 1224 200 1024 1024 1024 1024 3105 0 0 0 0 0 0 1024 1024 1024 1024 1024 1024 1024 1024 1024 1024 1024 1024 1024 1024 1024 1024 1024 1024 1024 1024 1024 1024 1024 1024 1024 1024 1024 1024 0 0 0 0 0 0 0 0 0 0 0 0 0 0 0 0 0 0 0 0 0 0 0 0 0 0 0 0 0 0 0 0 0 0 0 0 
0 0 0 0 0 0 0 0 0 0 0 0 0 0 0 0 0 0 0 0 0 0 0 0 0 2081 254 254 254 254 254 254 254 254 254 254 254 254 3105 1024 1024 0 0 0 0 0 3105 1024 0 1024 0 2240 3264 0 1024 1024 1024 3105 0 0 0 0 0 0 0 0 0 3072 11 1027 3 3 3 3 3 3 1027 3 1035 2048 1024 1024 1024 1024 1024 1024 1024 1024 1024 1024 1024 1024 0 0 0 0 0 0 0 0 0 0 0 0 0 0 0 0 0 0 0 0 0 0 0 0 0 0 0 0 0 0 0 0 0 0 0 0 
0 0 0 0 0 0 0 0 0 0 0 0 0 0 0 0 0 0 0 0 0 0 0 0 0 2081 254 254 254 254 254 254 254 254 254 254 254 254 3105 1024 1024 0 0 0 0 0 3105 1024 1024 1024 1024 0 0 0 1024 1024 1024 3105 0 0 0 0 0 0 0 0 0 11 3083 3072 0 2048 0 2048 2048 2048 2048 2048 2059 1035 1024 1024 1024 1024 1024 1024 1024 1024 1024 1024 1024 1024 0 0 0 0 0 0 0 0 0 0 0 0 0 0 0 0 0 0 0 0 0 0 0 0 0 0 0 0 0 0 0 0 0 0 0 0 
0 0 0 0 0 0 0 0 0 0 0 0 0 0 0 0 0 0 0 0 0 0 0 0 0 2059 1035 1024 1024 1024 1024 1024 0 0 1024 1024 1024 1024 3105 1024 1024 0 0 0 0 0 3105 1024 1024 1024 1024 0 0 0 1024 1024 1024 3105 0 0 0 0 0 0 0 3072 11 3083 2048 0 1024 1024 1024 1024 1024 1024 1024 1024 3072 2059 1035 2048 1024 1024 1024 1024 1024 1024 1024 1024 1024 1024 0 0 0 0 0 0 0 0 0 0 0 0 0 0 0 0 0 0 0 0 0 0 0 0 0 0 0 0 0 0 0 0 0 0 0 0 
0 0 0 0 0 0 0 0 0 0 0 0 0 0 0 0 0 0 0 0 0 0 0 0 0 1024 2059 1035 1024 1024 1024 1024 0 0 1024 1024 1024 1024 3105 1024 1024 0 0 0 0 0 3105 1024 1024 1024 0 0 0 0 0 1024 11 3083 0 0 0 0 0 0 0 11 3083 0 0 0 1024 1024 1024 1024 1024 1024 1024 1024 1024 1024 2059 1035 1024 1024 1024 1024 1024 1024 1024 1024 1024 1024 0 0 0 0 0 0 0 0 0 0 0 0 0 0 0 0 0 0 0 0 0 0 0 0 0 0 0 0 0 0 0 0 0 0 0 0 
0 0 0 0 0 0 0 0 0 0 0 0 0 0 0 0 0 0 0 0 0 0 0 0 0 1024 1024 3105 1024 1024 1024 1024 192 1216 1024 1024 1024 1024 3105 1024 0 0 0 0 0 0 3105 0 0 0 0 0 0 0 0 11 3083 0 0 0 0 0 0 0 11 3083 0 1024 0 0 1024 1024 1024 1024 1024 1024 1024 1024 1024 1024 3072 2059 1035 1024 1024 1024 1024 1024 1024 1024 1024 1024 0 0 0 0 0 0 0 0 0 0 0 0 0 0 0 0 0 0 0 0 0 0 0 0 0 0 0 0 0 0 0 0 0 0 0 0 
0 0 0 0 0 0 0 0 0 0 0 0 0 0 0 0 0 0 0 0 0 0 0 0 0 1024 1024 3105 1024 1024 1024 1024 1224 200 1024 1024 1024 1024 3105 1024 1024 0 0 0 0 0 3105 0 0 0 1024 1024 1024 3072 11 3083 2048 1024 1024 1024 1024 1024 3072 11 3083 0 1024 1024 0 0 0 0 0 0 0 0 1024 1024 1024 1024 1024 2048 3105 1024 1024 1024 1024 1024 1024 1024 1024 1024 0 0 0 0 0 0 0 0 0 0 0 0 0 0 0 0 0 0 0 0 0 0 0 0 0 0 0 0 0 0 0 0 0 0 0 0 
0 0 0 0 0 0 0 0 0 0 0 0 0 0 0 0 0 0 0 0 0 0 0 0 0 1024 1024 3105 1024 1024 1024 1024 1224 200 1024 1024 1024 1024 3105 1024 1024 1024 1024 1024 1024 0 3105 0 0 1024 1024 1024 1024 11 3083 0 0 1024 1024 1024 1024 3072 11 3083 0 1024 1024 1024 0 3072 11 3075 2051 2051 3075 1035 1024 1024 1024 1024 1024 0 1057 3072 1024 1024 1024 1024 1024 1024 1024 1024 0 0 0 0 0 0 0 0 0 0 0 0 0 0 0 0 0 0 0 0 0 0 0 0 0 0 0 0 0 0 0 0 0 0 0 0 
0 0 0 0 0 0 0 0 0 0 0 0 0 0 0 0 0 0 0 0 0 0 0 0 0 1024 1024 3105 1024 1024 1024 1024 2240 3264 1024 1024 1024 1024 2059 1035 1024 1024 1024 1024 1024 11 3083 0 0 1024 1024 1024 1024 3105 0 1024 0 1024 1024 1024 1024 11 3083 0 1024 1024 1024 1024 0 11 3083 2048 2048 2048 2048 2059 1035 1024 1024 1024 1024 0 1057 3072 1024 1024 1024 1024 1024 1024 1024 1024 0 0 0 0 0 0 0 0 0 0 0 0 0 0 0 0 0 0 0 0 0 0 0 0 0 0 0 0 0 0 0 0 0 0 0 0 
0 0 0 0 0 0 0 0 0 0 0 0 0 0 0 0 0 0 0 0 0 0 0 0 0 1024 1024 3105 1024 1024 1024 1024 1024 1024 1024 1024 1024 1024 1024 2059 1027 3 1027 1027 3 3083 0 0 0 1024 1024 1024 1024 2059 3 3 3 1027 1027 3 1027 3083 0 1024 1024 1024 1024 1024 11 3083 2048 2048 2048 0 0 0 1057 3072 3072 1024 1024 0 1057 3072 1024 1024 1024 1024 1024 1024 1024 1024 0 0 0 0 0 0 0 0 0 0 0 0 0 0 0 0 0 0 0 0 0 0 0 0 0 0 0 0 0 0 0 0 0 0 0 0 
0 0 0 0 0 0 0 0 0 0 0 0 0 0 0 0 0 0 0 0 0 0 0 0 0 1024 1024 3105 1024 1024 1024 1024 1024 1024 1024 1024 1024 1024 1024 1024 1024 1024 1024 1024 1024 0 1024 1024 1024 1024 1024 1024 1024 1024 1024 1024 1024 1024 1024 1024 1024 1024 1024 1024 1024 1024 1024 1024 33 1024 2048 2048 2048 0 0 0 1057 3072 3072 1024 1024 2048 3105 1024 1024 1024 1024 1024 1024 1024 1024 1024 0 0 0 0 0 0 0 0 0 0 0 0 0 0 0 0 0 0 0 0 0 0 0 0 0 0 0 0 0 0 0 0 0 0 0 0 
0 0 0 0 0 0 0 0 0 0 0 0 0 0 0 0 0 0 0 0 0 0 0 0 0 1024 1024 2059 1035 1024 1024 1024 1024 1024 1024 1024 1024 1024 1024 1024 1024 0 1024 1024 0 1024 1024 1024 1024 1024 1024 1024 1024 1024 1024 1024 1024 1024 1024 1024 1024 1024 1024 1024 1024 1024 1024 1024 33 1024 2048 2048 2048 0 0 0 1057 3072 3072 1024 0 2048 3105 1024 1024 1024 1024 1024 1024 1024 1024 1024 0 0 0 0 0 0 0 0 0 0 0 0 0 0 0 0 0 0 0 0 0 0 0 0 0 0 0 0 0 0 0 0 0 0 0 0 
0 0 0 0 0 0 0 0 0 0 0 0 0 0 0 0 0 0 0 0 0 0 0 0 0 1024 1024 1024 2059 1035 1024 1024 1024 1024 1024 1024 1024 1024 1024 1024 1024 1024 1024 1024 1024 1024 1024 1024 1024 1024 1024 1024 1024 1024 1024 1024 1024 1024 1024 1024 1024 1024 1024 1024 1024 1024 1024 1024 33 1024 2048 2048 2048 2048 0 0 1057 3072 3072 1024 3072 0 1057 3072 1024 1024 1024 1024 1024 1024 1024 1024 0 0 0 0 0 0 0 0 0 0 0 0 0 0 0 0 0 0 0 0 0 0 0 0 0 0 0 0 0 0 0 0 0 0 0 0 
0 0 0 0 0 0 0 0 0 0 0 0 0 0 0 0 0 0 0 0 0 0 0 0 0 1024 1024 1024 1024 2059 1035 1024 0 1024 0 1024 1024 1024 1024 1024 1024 1024 1024 1024 1024 1024 1024 1024 1024 1024 1024 1024 1024 2048 2048 1024 1024 1024 1024 1024 1024 1024 1024 1024 1024 1024 1024 2048 3105 1024 1024 1024 1024 1024 1024 11 3083 3072 3072 1024 3072 0 1057 3072 1024 1024 1024 1024 1024 1024 1024 1024 0 0 0 0 0 0 0 0 0 0 0 0 0 0 0 0 0 0 0 0 0 0 0 0 0 0 0 0 0 0 0 0 0 0 0 0 
0 0 0 0 0 0 0 0 0 0 0 0 0 0 0 0 0 0 0 0 0 0 0 0 0 1024 1024 1024 1024 1024 2059 2051 3075 2051 3075 3 3 3 1027 3 3 1027 3 3 1027 3 1027 3 1027 1035 2048 1024 1024 1024 192 196 196 196 196 196 196 196 196 1216 1024 1024 1024 1024 3105 1024 11 3 3 1027 3 3083 0 3072 3072 1024 3072 0 1057 3072 1024 1024 1024 1024 1024 1024 1024 1024 0 0 0 0 0 0 0 0 0 0 0 0 0 0 0 0 0 0 0 0 0 0 0 0 0 0 0 0 0 0 0 0 0 0 0 0 
0 0 0 0 0 0 0 0 0 0 0 0 0 0 0 0 0 0 0 0 0 0 0 0 0 1024 1024 1024 1024 1024 1024 1024 1024 1024 1024 1024 1024 1024 1024 1024 1024 1024 1024 1024 1024 1024 1024 1024 1024 3105 1024 1024 1024 1024 2240 2244 2244 2244 2244 2244 2244 2244 2244 3264 1024 1024 1024 2048 3105 2048 3105 1024 1024 1024 1024 1024 1024 1024 1024 1024 0 2048 3105 1024 1024 1024 1024 1024 1024 1024 1024 1024 0 0 0 0 0 0 0 0 0 0 0 0 0 0 0 0 0 0 0 0 0 0 0 0 0 0 0 0 0 0 0 0 0 0 0 0 
0 0 0 0 0 0 0 0 0 0 0 0 0 0 0 0 0 0 0 0 0 0 0 0 0 1024 1024 1024 1024 1024 1024 1024 1024 1024 1024 1024 1024 1024 1024 1024 1024 1024 1024 1024 1024 1024 1024 1024 1024 3105 1024 1024 1024 1024 1024 1024 1024 1024 1024 1024 1024 1024 1024 1024 1024 1024 1024 2048 3105 0 3105 3072 0 1024 1024 1024 1024 1024 1024 1024 0 0 3105 3072 1024 1024 1024 1024 1024 1024 1024 1024 0 0 0 0 0 0 0 0 0 0 0 0 0 0 0 0 0 0 0 0 0 0 0 0 0 0 0 0 0 0 0 0 0 0 0 0 
0 0 0 0 0 0 0 0 0 0 0 0 0 0 0 0 0 0 0 0 0 0 0 0 0 1024 1024 1024 1024 1024 1024 1024 1024 1024 1024 1024 1024 1024 1024 1024 1024 1024 1024 1024 1024 1024 1024 1024 1024 3105 1024 1024 1024 1024 1024 1024 1024 1024 1024 1024 1024 1024 1024 1024 0 0 0 0 2081 1024 2081 3072 0 0 0 0 0 0 0 1024 1024 1024 2081 3072 1024 1024 1024 1024 1024 1024 1024 1024 0 0 0 0 0 0 0 0 0 0 0 0 0 0 0 0 0 0 0 0 0 0 0 0 0 0 0 0 0 0 0 0 0 0 0 0 
0 0 0 0 0 0 0 0 0 0 0 0 0 0 0 0 0 0 0 0 0 0 0 0 0 1024 1024 1024 1024 1024 1024 1024 1024 1024 1024 1024 1024 1024 1024 1024 1024 1024 1024 1024 1024 1024 1024 1024 1024 3105 1024 1024 1024 1024 1024 1024 1024 1024 1024 0 0 0 0 0 0 0 0 0 2081 0 1057 3072 0 0 0 0 0 0 0 1024 3072 0 1057 3072 1024 1024 1024 1024 1024 1024 1024 1024 0 0 0 0 0 0 0 0 0 0 0 0 0 0 0 0 0 0 0 0 0 0 0 0 0 0 0 0 0 0 0 0 0 0 0 0 
0 0 0 0 0 0 0 0 0 0 0 0 0 0 0 0 0 0 0 0 0 0 0 0 0 1024 1024 1024 1024 1024 1024 1024 1024 1024 1024 1024 1024 1024 1024 1024 1024 1024 1024 1024 1024 1024 1024 1024 1024 2059 1035 0 1024 1024 1024 1024 1024 0 0 0 0 0 0 0 0 0 0 11 3083 0 1057 3072 0 0 0 192 196 1216 0 1024 3072 0 1057 3072 1024 1024 1024 1024 1024 1024 1024 1024 0 0 0 0 0 0 0 0 0 0 0 0 0 0 0 0 0 0 0 0 0 0 0 0 0 0 0 0 0 0 0 0 0 0 0 0 
0 0 0 0 0 0 0 0 0 0 0 0 0 0 0 0 0 0 0 0 0 0 0 0 0 1024 1024 1024 1024 1024 1024 1024 1024 1024 1024 1024 1024 1024 1024 1024 1024 1024 1024 1024 1024 1024 1024 1024 1024 1024 2059 3075 2051 3075 2051 3075 2051 2051 3075 1027 1027 1027 1027 1027 1027 1027 1027 3083 3072 0 1057 3072 0 0 0 1224 203 200 0 1024 3072 0 1057 3072 1024 1024 1024 1024 1024 1024 1024 1024 0 0 0 0 0 0 0 0 0 0 0 0 0 0 0 0 0 0 0 0 0 0 0 0 0 0 0 0 0 0 0 0 0 0 0 0 
0 0 0 0 0 0 0 0 0 0 0 0 0 0 0 0 0 0 0 0 0 0 0 0 0 0 0 0 0 0 0 0 0 0 0 0 0 0 0 0 0 0 0 0 0 0 0 0 0 0 0 0 0 0 0 0 0 0 0 0 0 0 0 0 0 0 0 0 0 2048 3105 1024 0 0 0 2240 2244 3264 0 1024 0 2048 3105 1024 1024 1024 1024 1024 1024 3072 3072 0 0 0 0 0 0 0 0 0 0 0 0 0 0 0 0 0 0 0 0 0 0 0 0 0 0 0 0 0 0 0 0 0 0 0 0 0 
0 0 0 0 0 0 0 0 0 0 0 0 0 0 0 0 0 0 0 0 0 0 0 0 0 1024 1024 1024 1024 1024 1024 1024 1024 1024 1024 1024 1024 1024 1024 1024 1024 1024 1024 1024 1024 1024 1024 1024 1024 0 0 0 0 0 0 0 0 0 0 0 0 0 0 0 0 0 0 0 0 0 3105 3072 0 0 0 0 0 0 0 1024 0 0 3105 3072 1024 1024 1024 1024 1024 1024 1024 1024 0 0 0 0 0 0 0 0 0 0 0 0 0 0 0 0 0 0 0 0 0 0 0 0 0 0 0 0 0 0 0 0 0 0 0 0 
0 0 0 0 0 0 0 0 0 0 0 0 0 0 0 0 0 0 0 0 0 0 0 0 0 1024 1024 1024 1024 1024 1024 1024 1024 1024 1024 1024 1024 1024 1024 1024 1024 1024 1024 1024 1024 1024 1024 1024 1024 0 0 0 0 0 0 0 0 0 0 0 0 0 0 0 0 0 0 0 0 1024 2081 3072 0 0 0 0 0 0 0 1024 1024 1024 2081 3072 1024 1024 1024 1024 1024 1024 1024 1024 0 0 0 0 0 0 0 0 0 0 0 0 0 0 0 0 0 0 0 0 0 0 0 0 0 0 0 0 0 0 0 0 0 0 0 0 
0 0 0 0 0 0 0 0 0 0 0 0 0 0 0 0 0 0 0 0 0 0 0 0 0 1024 1024 1024 1024 1024 1024 1024 1024 1024 1024 1024 1024 1024 1024 1024 1024 1024 1024 1024 1024 1024 1024 1024 1024 0 0 0 0 0 0 0 0 0 0 0 0 0 0 0 0 0 0 0 0 0 2059 1035 1024 1024 1024 1024 1024 1024 1024 1024 1024 1024 1057 0 1024 1024 1024 1024 1024 1024 1024 1024 0 0 0 0 0 0 0 0 0 0 0 0 0 0 0 0 0 0 0 0 0 0 0 0 0 0 0 0 0 0 0 0 0 0 0 0 
0 0 0 0 0 0 0 0 0 0 0 0 0 0 0 0 0 0 0 0 0 0 0 0 0 1024 1024 1024 1024 1024 1024 1024 1024 1024 1024 1024 1024 1024 1024 1024 1024 1024 1024 1024 1024 1024 1024 1024 1024 0 0 0 0 0 0 0 0 0 0 0 0 0 0 0 0 0 0 0 0 3072 1024 2059 1035 1024 1024 1024 1024 1024 1024 1024 1024 11 3083 1024 1024 1024 1024 1024 1024 1024 1024 1024 0 0 0 0 0 0 0 0 0 0 0 0 0 0 0 0 0 0 0 0 0 0 0 0 0 0 0 0 0 0 0 0 0 0 0 0 
0 0 0 0 0 0 0 0 0 0 0 0 0 0 0 0 0 0 0 0 0 0 0 0 0 1024 1024 1024 1024 1024 1024 1024 1024 1024 1024 1024 1024 1024 1024 1024 1024 1024 1024 1024 1024 1024 1024 1024 1024 0 0 0 0 0 0 0 0 0 0 0 0 0 0 0 0 0 0 0 0 1024 1024 1024 2059 1035 1024 1024 1024 1024 1024 0 11 3083 1024 1024 3072 3072 3072 3072 3072 1024 1024 1024 0 0 0 0 0 0 0 0 0 0 0 0 0 0 0 0 0 0 0 0 0 0 0 0 0 0 0 0 0 0 0 0 0 0 0 0 
0 0 0 0 0 0 0 0 0 0 0 0 0 0 0 0 0 0 0 0 0 0 0 0 0 0 0 0 0 0 0 0 0 0 0 0 0 0 0 0 0 0 0 0 0 0 0 0 0 0 0 0 0 0 0 0 0 0 0 0 0 0 0 0 0 0 0 0 0 0 0 0 0 33 0 0 0 0 0 0 1057 0 0 0 0 0 0 0 0 3072 3072 0 0 0 0 0 0 0 0 0 0 0 0 0 0 0 0 0 0 0 0 0 0 0 0 0 0 0 0 0 0 0 0 0 0 0 0 0 
0 0 0 0 0 0 0 0 0 0 0 0 0 0 0 0 0 0 0 0 0 0 0 0 0 0 0 0 0 0 0 0 0 0 0 0 0 0 0 0 0 0 0 0 0 0 0 0 0 11 3075 3075 2051 2051 1035 1024 0 0 0 0 0 1024 1024 2048 2048 2048 2048 2048 2048 2048 0 11 3 3083 0 0 0 0 0 0 1057 0 0 0 0 1024 1024 1024 1024 1024 1024 1024 1024 0 0 0 0 0 0 0 0 0 0 0 0 0 0 3072 0 0 0 0 0 0 0 0 0 0 0 0 0 0 0 0 0 0 0 0 
0 0 0 0 0 0 0 0 0 0 0 0 0 0 0 0 0 0 0 0 0 0 0 0 0 0 0 0 0 0 0 0 0 0 0 0 0 0 0 0 0 0 0 0 0 0 0 0 11 3083 1024 1024 0 0 2059 1035 0 1024 1024 1024 1024 1024 1024 0 0 0 0 0 0 0 0 1057 249 0 0 0 0 0 0 0 2081 0 0 0 0 0 0 0 0 0 0 0 0 0 0 0 0 0 0 0 0 0 0 0 0 0 0 0 0 0 3072 0 0 0 0 0 0 0 0 0 0 0 0 0 0 0 0 0 
0 0 0 0 0 0 0 0 0 0 0 0 0 0 0 0 0 0 0 0 0 0 0 0 0 0 0 0 0 0 0 0 0 0 0 0 0 0 0 0 1024 0 0 0 0 0 0 0 3105 0 0 0 1024 1024 1024 2081 0 1024 0 0 0 0 0 0 0 0 0 0 0 0 0 3105 1024 0 0 0 0 0 0 0 2081 0 0 0 0 0 0 0 0 0 0 0 2048 0 0 0 0 0 0 0 0 0 0 0 0 0 0 0 0 0 1024 0 0 0 0 0 0 0 0 0 0 0 0 0 0 0 0 0 
0 0 0 0 0 0 0 0 0 0 0 0 0 0 0 0 0 0 0 0 0 0 0 0 0 0 0 0 0 0 0 0 0 0 0 0 0 0 0 0 0 0 0 0 0 0 0 0 2081 0 0 0 1024 1024 1024 3105 0 11 3075 3075 3075 3075 1035 0 0 0 0 0 0 0 0 3105 249 0 0 0 0 0 0 0 1057 0 0 0 0 0 0 0 0 0 0 0 0 0 0 0 0 0 0 0 0 0 0 0 0 0 0 0 0 0 1024 0 0 0 0 0 0 0 0 0 0 0 0 0 0 0 0 0 
0 0 0 0 0 0 0 0 0 0 0 0 0 0 0 0 0 0 0 0 0 0 0 0 0 0 0 0 0 0 0 0 0 0 0 0 0 0 0 0 0 1024 1024 1024 1024 1024 1024 1024 1057 0 0 0 1024 1024 1024 33 1024 33 2296 3072 2296 0 1057 0 0 1024 1024 1024 0 0 0 2081 0 0 0 0 0 0 0 0 2059 1035 3072 2048 0 0 0 0 0 0 0 2048 2048 2048 2048 2048 0 0 0 0 0 0 1024 1024 1024 0 0 0 0 0 0 0 0 0 0 0 0 0 0 0 0 0 0 0 0 0 0 0 
0 0 0 0 0 0 0 0 0 0 0 0 0 0 0 0 0 0 0 0 0 0 0 0 0 0 0 0 0 0 0 0 0 0 0 0 0 11 1027 1027 2051 2051 2051 2051 2051 2051 2051 2051 3083 0 0 0 1024 1024 1024 2059 2051 3083 1024 1024 1024 1024 2059 1027 1027 2051 1027 1027 3 1035 1024 2059 1027 1035 0 0 0 0 0 0 3072 2059 3075 3075 3 1027 1035 3072 3072 2048 2048 2048 2048 2048 2048 11 3 3 3 3 1027 3 1027 1027 1027 1035 3072 0 0 0 0 0 0 0 0 0 0 0 0 0 0 0 0 0 0 0 0 0 
0 0 0 0 0 0 0 0 0 0 0 0 0 0 0 0 0 0 0 0 0 0 0 0 0 0 0 0 0 0 0 0 0 0 0 0 11 3083 1024 1024 1024 1024 1024 1024 1024 1024 1024 1024 0 0 0 0 1024 1024 1024 1024 1024 1024 1024 1024 1024 0 1024 1024 1024 1024 0 0 0 2059 1035 1024 0 1057 235 235 235 235 235 235 235 235 235 235 235 235 2059 1035 3072 2048 2048 2048 2048 2048 11 3083 3072 3072 3072 3072 3072 3072 3072 3072 1024 2081 3072 0 0 0 0 0 0 0 0 0 0 0 0 0 0 0 0 0 0 0 0 0 
0 0 0 0 0 0 0 0 0 0 0 0 0 0 0 0 0 0 0 0 0 0 0 0 0 0 0 0 0 0 0 0 0 0 0 11 3083 0 3072 1024 0 0 0 0 0 0 0 0 0 0 0 0 0 0 0 0 0 1024 1024 1024 1024 0 2048 1024 1024 0 0 0 0 0 2059 1035 0 1057 235 235 235 235 235 235 235 235 235 235 235 235 3072 2059 3075 3075 2051 2051 2051 2051 3083 2048 0 0 0 0 1024 1024 1024 1024 1024 2081 3072 0 0 0 0 0 0 0 0 0 0 0 0 0 0 0 0 0 0 0 0 0 
0 0 0 0 0 0 0 0 0 0 0 0 0 0 0 0 0 0 0 0 0 0 0 0 0 0 0 0 0 0 0 0 0 0 0 3105 0 1024 1024 0 3072 1024 0 0 0 0 0 0 0 0 0 0 0 0 0 0 0 1024 1024 1024 1024 0 2048 0 0 1024 0 0 0 0 0 2081 0 1057 235 235 235 235 235 235 235 235 235 235 235 235 0 0 0 2048 2048 2048 2048 2048 2048 2048 0 0 0 0 0 1024 1024 1024 1024 2081 3072 0 0 0 0 0 0 0 0 0 0 0 0 0 0 0 0 0 0 0 0 0 
0 0 0 0 0 0 0 0 0 0 0 0 0 0 0 0 0 0 0 0 0 0 0 0 0 0 0 0 0 0 0 0 0 0 0 2081 0 0 0 0 3072 1024 0 0 0 0 0 0 0 0 0 0 0 0 0 1024 1024 1024 1024 0 0 1024 1024 1024 1024 0 2048 2048 0 0 0 3105 0 2081 235 235 235 235 235 235 235 235 235 235 235 235 0 0 0 2048 2048 2048 2048 2048 2048 2048 0 0 0 0 0 1024 1024 1024 1024 2081 3072 0 0 0 0 0 0 0 0 0 0 0 0 0 0 0 0 0 0 0 0 0 
0 0 0 0 0 0 0 0 0 0 0 0 0 0 0 0 0 0 0 0 0 0 0 0 0 0 0 0 0 0 0 0 0 0 0 2081 0 0 0 0 1024 1024 0 0 0 0 0 2048 2048 2048 2048 1024 1024 1024 1024 1024 1024 1024 1024 1024 1024 1024 1024 1024 1024 0 0 0 0 0 1024 2081 0 2081 235 235 235 235 235 235 235 235 235 235 235 235 0 0 0 2048 2048 2048 2048 2048 2048 2048 0 192 196 1220 1216 0 0 0 1024 2081 3072 0 0 0 0 0 0 0 0 0 0 0 0 0 0 0 0 0 0 0 0 0 
0 0 0 0 0 0 0 0 0 0 0 0 0 0 0 0 0 0 0 0 0 0 0 0 0 0 0 0 0 0 0 0 0 0 0 1057 0 0 0 0 0 0 11 3075 3075 1035 248 1024 248 2048 11 2051 2051 1027 2051 2051 2051 1027 1027 2051 2051 2051 2051 2051 1035 1024 1024 1024 1024 1024 1024 33 3072 2081 235 235 235 235 235 238 235 235 235 235 235 235 0 0 0 3072 2048 2048 2048 0 2048 2048 0 1224 198 1222 200 0 0 0 1024 2081 3072 0 0 0 0 0 0 0 0 0 0 0 0 0 0 0 0 0 0 0 0 0 
0 0 0 0 0 0 0 0 0 0 0 0 0 0 0 0 0 0 0 0 0 0 0 0 0 0 0 0 0 0 0 0 0 0 0 1057 0 0 0 0 0 11 3083 0 0 33 0 0 0 1024 1057 1024 1024 1024 1024 1024 1024 1024 1024 1024 1024 1024 1024 1024 2059 1035 1024 1024 1024 1024 1024 33 0 1057 235 235 235 235 235 235 235 235 235 235 235 235 0 0 29 3123 3 2099 1053 2048 3072 2048 0 3272 2246 3270 2248 0 0 0 1024 2081 3072 0 0 0 0 0 0 0 0 0 0 0 0 0 0 0 0 0 0 0 0 0 
0 0 0 0 0 0 0 0 0 0 0 0 0 0 0 0 0 0 0 0 0 0 0 0 0 0 0 0 0 0 0 0 0 0 0 1057 0 0 0 0 3072 33 0 0 1024 2059 3 3 3 1027 3083 0 0 0 1024 1024 1024 1024 1024 0 0 0 1024 3072 1024 1057 2048 1024 1024 1024 0 33 0 1057 235 235 235 235 235 235 235 235 235 235 235 235 0 0 61 3101 0 2077 1085 0 1024 2048 0 2240 2244 3268 3264 0 0 0 1024 2081 3072 0 0 0 0 0 0 0 0 0 0 0 0 0 0 0 0 0 0 0 0 0 
0 0 0 0 0 0 0 0 0 0 0 0 0 0 0 0 0 0 0 0 0 0 0 0 0 0 0 0 0 0 0 0 0 0 0 1057 0 0 0 0 2048 33 0 0 0 0 0 0 0 0 0 0 0 0 0 0 0 0 0 1024 1024 1024 1024 3072 1024 1057 2048 0 0 0 0 3105 0 1057 235 235 235 235 235 235 235 235 235 235 235 235 0 29 3133 0 0 0 2109 1053 1024 2048 0 0 0 0 0 0 0 0 1024 33 3072 0 0 0 0 0 0 0 0 0 0 3072 0 0 0 0 0 0 0 0 0 0 
0 0 0 11 2051 2051 2051 2051 2051 2051 3075 2051 3075 3075 3075 3075 1035 0 0 0 0 0 0 0 0 0 0 0 0 0 0 0 0 0 0 1057 2048 2048 0 0 2048 33 1024 0 0 0 0 0 0 0 0 0 0 0 0 0 0 0 0 3072 3072 3072 3072 1024 3072 3105 0 0 0 0 0 3105 0 2081 235 235 235 235 235 235 235 235 235 235 235 235 0 61 3101 3072 0 0 2077 1085 1024 2048 0 0 0 0 0 0 0 0 0 2114 1139 1138 0 0 0 0 0 0 0 0 0 3072 0 0 0 0 0 0 0 0 0 0 
0 0 0 2081 253 253 253 253 253 253 253 253 253 253 253 253 2081 0 0 0 0 0 0 0 0 0 0 0 0 0 0 0 0 0 0 1057 0 0 0 0 0 2081 11 2051 2051 2051 3075 1035 0 0 0 0 0 0 0 0 0 0 2048 3072 3072 3072 3072 3072 11 3083 0 0 0 0 0 3105 0 2081 235 235 235 235 235 235 235 235 235 235 235 235 29 3133 0 2048 0 0 1024 2109 1053 2048 0 0 0 0 0 0 0 0 0 0 2162 2163 3 1027 3 1027 1027 3 1027 1027 1035 3072 0 0 0 0 0 0 0 0 0 0 
0 0 0 1057 253 253 253 253 253 253 253 253 253 253 253 253 1057 0 0 0 0 0 0 0 0 0 0 0 0 0 0 0 0 0 2048 33 3072 0 0 0 0 2059 2096 2296 3072 2296 3072 3105 3072 0 0 0 0 0 0 0 0 0 11 3 3 3 3 3 3083 3072 0 1024 2048 1024 0 3105 0 2081 235 235 235 235 235 235 235 235 235 235 235 235 61 3101 0 2048 0 0 1024 2077 1085 1024 0 0 0 0 0 0 0 0 0 0 1024 2048 3072 3072 3072 3072 1024 3072 3072 1024 2081 3072 0 0 0 0 0 0 0 0 0 0 
0 0 0 1057 253 253 253 253 253 253 253 253 253 253 253 253 1057 0 0 0 0 0 0 0 0 0 0 0 0 0 0 0 2048 1024 29 3133 0 0 0 0 0 2048 2146 0 0 0 0 2059 1035 0 0 0 0 0 0 0 0 0 1057 234 234 234 234 234 234 234 234 234 234 234 234 33 0 2059 1027 1027 1027 1027 1027 2051 2051 2051 1027 1027 1027 1027 54 0 0 2048 0 0 1024 1024 1078 2051 3 3 3 3 1139 1138 0 0 3072 0 1024 1024 1024 1024 1024 1024 1024 1024 1024 1024 2081 3072 0 0 0 0 0 0 0 0 0 0 
0 0 0 2081 253 253 253 253 253 253 253 253 253 253 253 253 1057 0 0 0 0 0 0 0 0 0 0 0 0 0 2048 2048 2048 1024 61 3101 0 0 0 0 2048 3072 3072 0 0 0 0 3072 3105 0 0 0 0 0 0 0 0 0 3105 234 234 234 234 234 234 234 234 234 234 234 234 33 0 0 0 0 0 0 0 0 0 0 0 0 0 0 0 0 0 2048 2048 2048 1024 1024 1024 2048 0 3072 3072 3072 2162 2163 1139 1138 0 2048 0 0 1024 1024 1024 1024 1024 1024 1024 1024 2081 3072 0 0 0 0 0 0 0 0 0 0 
0 0 0 2081 253 253 253 253 253 253 253 253 253 253 253 253 2081 0 0 0 0 0 0 0 0 0 0 0 0 0 11 2051 3075 3 54 0 2048 0 0 0 3072 1024 1024 1024 1024 1024 1024 1024 2081 0 0 0 0 0 0 0 0 0 3105 234 234 234 234 234 234 234 234 234 234 234 234 33 0 0 0 0 0 0 0 0 0 0 0 0 0 0 0 0 0 2048 2048 2048 2048 2048 2048 2048 0 2048 1024 1024 1024 2048 2162 3137 1024 1024 1024 1024 1024 1024 1024 1024 1024 1024 1024 1024 2081 3072 0 0 0 0 0 0 0 0 0 0 
0 0 0 2081 253 253 253 253 253 252 253 253 253 253 253 253 2081 0 0 0 0 0 0 0 0 0 0 0 0 0 2081 2048 2048 2048 2048 0 0 0 0 0 3072 1024 1024 1024 1024 1024 1024 1024 2081 0 0 0 0 0 0 0 0 0 1057 234 234 234 234 234 234 234 234 234 234 234 234 3105 0 0 0 0 0 0 0 0 0 0 0 0 0 0 0 0 0 2048 2048 2048 2048 2048 2048 2048 0 2048 1024 1024 1024 1024 1024 33 1024 1024 1024 1024 192 196 1220 1216 1024 1024 1024 1024 33 3072 0 0 0 0 0 0 0 0 0 0 
0 0 0 2081 253 253 253 253 253 253 253 253 253 253 253 253 2081 0 0 0 0 0 0 0 0 0 0 0 0 0 2081 2048 1024 1024 2048 2048 0 0 0 0 0 3072 1024 1024 1024 1024 1024 1024 1057 0 0 0 0 0 0 0 0 0 1057 234 234 234 234 234 234 234 234 234 234 234 234 3105 0 0 0 0 0 0 0 0 0 0 0 0 0 0 0 0 0 2048 2048 2048 2048 2048 2048 2048 3072 3072 1024 1024 1024 1024 1024 33 1024 1024 1024 1024 1224 198 1222 200 1024 1024 1024 1024 33 3072 0 0 0 0 0 0 0 0 0 0 
0 0 0 2081 253 253 253 253 253 253 253 253 253 253 253 253 1057 0 0 0 0 0 0 0 0 0 0 0 0 0 3105 0 0 0 0 0 0 0 0 0 0 11 2051 3 3 3 1027 1027 3083 0 0 0 0 0 0 0 0 0 1057 234 234 234 234 234 237 234 234 234 234 234 234 3105 0 0 0 0 0 2048 0 0 0 0 0 0 0 0 0 0 0 0 0 0 0 0 0 0 1024 1024 3072 3072 3072 3072 3072 2081 3072 3072 3072 3072 1224 1224 200 200 3072 3072 3072 3072 2081 3072 0 0 0 0 0 0 0 0 0 0 
0 0 0 2081 253 253 253 253 253 253 253 253 253 253 253 253 1057 0 0 0 0 0 0 0 0 0 0 0 0 0 3105 0 0 0 0 0 0 0 0 0 0 1057 0 0 0 1024 1024 1024 1024 0 0 0 0 0 0 0 0 0 3105 234 234 234 234 234 234 234 234 234 234 234 234 33 0 0 0 0 0 0 0 0 0 0 0 0 0 0 0 0 0 0 0 0 0 0 0 0 0 0 0 0 0 1024 1024 33 1024 1024 1024 1024 1224 1224 200 200 1024 1024 1024 1024 33 3072 0 0 0 0 0 0 0 0 0 0 
0 0 0 2081 253 253 253 253 253 253 253 253 253 253 253 253 1057 0 0 0 0 0 0 0 0 0 0 0 0 0 33 0 0 0 0 0 1024 0 0 0 0 3105 0 0 0 1024 0 0 0 0 0 0 0 0 0 0 0 0 1057 234 234 234 234 234 234 234 234 234 234 234 234 33 0 0 0 0 0 0 0 0 0 0 0 0 0 0 0 0 0 0 0 0 0 0 0 0 0 0 0 0 0 1024 1024 33 1024 1024 1024 1024 3272 3272 2248 2248 1024 1024 1024 1024 33 3072 0 0 0 0 0 0 0 0 0 0 
0 0 0 2081 253 253 253 253 253 253 253 253 253 253 253 253 2081 0 0 0 0 0 0 0 0 0 0 0 0 0 2059 3 3 3 3075 1035 2048 0 0 0 0 2081 0 0 2048 2048 0 0 0 0 0 0 0 0 0 0 0 0 3105 234 234 234 234 234 234 234 234 234 234 234 234 33 0 0 0 0 0 0 0 0 0 0 0 0 0 0 0 0 0 0 0 0 0 0 0 0 0 0 0 0 0 1024 1024 33 1024 1024 1024 1024 3272 2246 3270 2248 1024 1024 1024 1024 33 3072 0 0 0 0 0 0 0 0 0 0 
0 0 0 2081 253 253 253 253 253 253 253 253 253 253 253 253 2081 0 0 0 0 0 0 0 0 0 0 0 0 0 0 0 0 0 1024 33 3072 0 0 0 0 2081 0 0 2048 2048 0 0 0 0 0 0 0 0 0 0 0 0 3105 234 234 234 234 234 234 234 234 234 234 234 234 3105 0 0 0 0 0 0 0 0 0 0 0 0 0 0 0 0 0 0 0 0 0 0 0 0 0 0 0 0 0 3072 3072 2081 3072 3072 3072 3072 2240 2244 3268 3264 3072 3072 3072 3072 2081 3072 0 0 0 0 0 0 0 0 0 0 
0 0 0 2109 1053 0 0 0 0 0 0 0 0 0 0 0 1057 0 0 0 0 0 0 0 0 0 0 0 0 0 0 2048 2048 2048 2048 1057 2048 0 0 0 0 3105 0 0 0 1024 0 0 0 0 0 0 0 0 0 0 0 0 1057 234 234 234 234 234 234 234 234 234 234 234 234 3105 0 0 0 0 0 2048 2048 0 0 0 0 0 0 0 0 0 0 0 0 0 0 0 0 0 1024 1024 3072 3072 3072 3072 3072 2081 3072 3072 3072 3072 3072 3072 3072 3072 3072 3072 3072 3072 33 3072 0 0 0 0 0 0 0 0 0 0 
0 0 0 2077 1085 0 0 0 1024 0 0 0 0 0 0 0 1057 0 0 0 0 0 0 0 0 0 0 0 0 2048 2048 0 0 2048 11 3083 3072 0 0 0 0 2081 0 0 2048 2048 0 0 0 0 0 0 0 0 0 0 0 0 1057 234 234 234 234 234 234 234 234 234 234 234 234 3105 0 0 0 0 0 0 0 0 0 0 0 0 0 0 0 0 1024 0 0 0 0 0 0 0 3072 3072 3072 3072 3072 3072 114 1089 3072 3072 3072 3072 3072 3072 3072 3072 3072 3072 3072 3072 33 3072 0 0 0 0 0 0 0 0 0 0 
0 0 0 0 1057 0 0 0 1024 192 196 1216 0 0 0 0 1057 0 0 0 0 0 0 0 0 0 0 0 11 2051 3 1027 2051 3 3083 3072 2048 0 0 0 0 1057 0 0 0 0 0 0 0 0 0 0 0 0 0 0 0 0 1057 0 0 0 0 0 0 0 0 0 0 0 11 3083 0 0 0 0 0 0 0 0 0 0 0 0 0 0 0 0 0 0 0 0 0 0 0 0 3072 3072 3072 3072 114 115 3187 3186 3072 3072 3072 3072 3072 3072 3072 3072 3072 3072 3072 3072 33 3072 0 0 0 0 0 0 0 0 0 0 
0 0 0 0 2081 0 0 0 1024 1224 199 200 1024 0 0 0 2081 0 0 0 0 0 0 0 0 0 0 0 1057 0 0 0 0 0 0 0 0 0 3072 0 0 1057 0 0 0 0 0 0 0 0 0 0 0 0 0 0 0 0 3105 1024 1024 1024 1024 0 0 1024 1024 1024 1024 11 3083 1024 1024 1024 1024 1024 1024 0 0 0 0 0 0 0 0 0 0 0 0 0 0 0 0 0 0 0 3072 3072 114 115 3187 3186 3072 3072 3072 3072 3072 3072 3072 3072 3072 3072 3072 3072 3072 3072 33 3072 0 0 0 0 0 0 0 0 0 0 
0 0 0 0 2081 0 0 0 1024 3272 2247 2248 1024 0 0 0 2081 0 0 0 0 0 0 0 0 0 0 0 1057 0 0 0 0 0 0 0 0 0 2048 2048 0 3105 0 0 0 0 2048 0 0 0 0 0 0 0 0 0 0 0 1057 1024 1024 1024 1024 192 1216 1024 1024 1024 1024 1057 2048 1024 1024 1024 1024 1024 1024 0 0 0 0 0 0 0 0 0 0 0 0 0 0 0 0 0 0 3072 114 115 3187 3186 3072 3072 3072 3072 3072 3072 3072 3072 3072 3072 114 115 2051 2051 2051 3075 3083 3072 0 0 0 0 0 0 0 0 0 0 
0 0 0 0 1057 0 0 0 1024 2240 2244 3264 1024 0 0 0 2081 0 0 0 0 0 0 0 0 0 0 0 3105 0 0 0 0 0 0 0 2048 2048 2048 2048 0 1057 0 0 0 0 2048 0 0 0 0 0 0 0 0 0 0 0 3105 1024 1024 1024 1024 1224 200 0 1024 1024 1024 2081 2048 1024 1024 1024 1024 1024 1024 0 0 0 0 0 0 0 0 0 0 0 0 0 0 0 0 0 0 66 3187 3186 3072 3072 3072 3072 3072 3072 3072 3072 3072 3072 114 115 3187 3186 3072 3072 3072 3072 1024 0 0 0 0 0 0 0 0 0 0 0 
0 0 0 0 1057 0 0 0 0 0 0 0 1024 0 0 0 2081 0 0 0 0 0 0 0 0 0 0 0 2081 0 0 0 0 1024 1024 1024 1024 1024 0 2048 0 1057 0 0 0 0 2048 0 0 0 0 0 0 0 0 0 0 0 3105 1024 1024 1024 1024 1224 200 1024 1024 1024 1024 1057 2048 1024 1024 1024 1024 1024 1024 0 0 0 0 0 0 0 3072 3072 3072 3072 0 3072 3072 3072 1024 1024 0 3105 3072 3072 3072 3072 3072 3072 3072 3072 3072 3072 3072 66 3187 3186 3072 3072 3072 0 0 0 0 0 0 0 0 0 0 0 0 0 0 0 
0 0 0 0 2081 0 0 0 0 0 0 0 0 0 0 0 2081 0 0 0 0 0 0 1024 0 0 0 0 1057 0 0 0 0 192 196 1220 1216 1024 0 0 0 3105 0 0 0 0 0 0 0 0 0 0 0 0 0 0 0 0 3105 1024 1024 1024 1024 2240 3264 1024 1024 1024 1024 2081 2048 1024 1024 1024 1024 1024 0 0 0 0 0 0 0 0 3072 3072 3072 3072 0 3072 3072 3072 3072 3072 0 33 3072 3072 3072 3072 3072 3072 3072 3072 3072 3072 3072 3105 0 0 0 0 0 0 0 0 0 0 0 0 0 0 0 0 0 0 0 0 
0 0 0 0 2081 0 0 0 0 0 0 0 0 0 0 0 2081 0 0 0 0 0 0 1024 0 3072 3072 3072 2081 0 0 0 0 1224 201 1225 200 1024 0 0 0 1057 0 0 0 0 0 0 0 0 0 0 0 0 0 0 0 0 33 1024 1024 1024 1024 1024 1024 1024 1024 1024 1024 33 2048 1024 1024 1024 1024 1024 0 0 0 0 0 0 0 0 0 3072 3072 3072 0 3072 3072 3072 3072 2048 2048 3105 3072 3072 3072 3072 192 196 1216 3072 3072 3072 3072 3105 0 0 0 0 0 0 0 0 0 0 0 0 0 0 0 0 0 0 0 0 
0 0 0 0 2081 0 0 0 0 0 0 0 0 0 0 0 1057 0 0 0 0 1024 0 0 0 3072 114 115 3138 0 0 0 0 2240 2244 3268 3264 3072 0 0 3072 3105 0 0 0 0 0 0 0 0 0 0 0 0 0 0 0 0 33 1024 0 0 0 1024 1024 1024 2048 0 1024 33 1024 1024 0 0 0 0 0 0 0 0 0 1024 1024 1024 1024 1024 1024 0 0 3072 3072 0 0 1024 0 33 3072 3072 3072 3072 1224 203 200 3072 3072 3072 3072 3105 0 0 0 0 0 0 0 0 0 0 0 0 0 0 0 0 0 0 0 0 
0 0 0 0 2081 0 0 0 0 0 0 0 114 115 1027 3075 3083 114 115 1027 3 2051 2051 2051 2051 2051 3187 3186 3072 0 0 0 0 3072 3072 3072 3072 3072 0 0 3072 1057 0 0 0 0 0 0 0 0 0 0 0 0 0 0 0 0 2059 1035 2048 1024 1024 0 1024 1024 2048 0 0 2059 3 3 3 2051 3 2051 1035 0 0 0 0 0 1024 1024 1024 1024 11 1027 1027 3075 3075 1027 3 1027 1027 3083 1024 3072 3072 3072 2240 2244 3264 3072 3072 3072 3072 3105 0 0 0 0 0 0 0 0 0 0 0 0 0 0 0 0 0 0 0 0 
0 0 0 0 2081 0 0 0 0 0 0 66 3187 3186 0 0 66 3187 3186 0 0 1024 0 0 0 3072 3072 3072 3072 0 0 0 0 0 0 0 0 0 0 0 3072 1057 0 0 0 0 0 0 0 0 0 0 0 0 0 0 0 0 2048 2059 1035 1024 1024 1024 1024 1024 0 0 0 0 0 0 0 0 0 0 2059 1035 1024 0 0 0 1024 1024 0 11 3083 1024 1024 1024 1024 1024 1024 1024 0 0 1024 3072 3072 3072 3072 3072 3072 0 3072 3072 3072 3105 0 0 0 0 0 0 0 0 0 0 0 0 0 0 0 0 0 0 0 0 
0 0 0 0 2081 0 0 0 0 0 0 1057 0 0 0 0 1057 0 0 0 0 0 0 0 0 0 0 0 0 0 0 0 0 0 0 0 0 0 0 0 2048 3105 0 0 0 0 0 0 0 0 0 0 0 0 0 0 0 0 2048 2048 2059 1035 2048 1024 1024 1024 0 1024 0 1024 1024 1024 0 0 0 0 2048 2059 1035 1024 1024 0 0 0 11 3083 3072 0 1024 1024 1024 0 0 0 0 0 1024 3072 3072 0 0 0 0 0 0 0 0 3105 0 0 0 0 0 0 0 0 0 0 0 0 0 0 0 0 0 0 0 0 
0 0 0 0 2081 0 0 0 0 0 0 33 2048 1024 0 0 1057 0 0 0 0 0 0 0 0 0 0 0 0 0 0 0 0 0 0 0 0 0 0 2048 11 3083 0 0 0 0 0 0 0 0 0 0 0 0 0 0 0 0 2048 2048 2048 2059 1035 1024 1024 1024 1024 1024 0 1024 1024 0 0 0 0 0 1024 2048 2059 1035 1024 1024 0 11 3083 3072 0 0 0 1024 1024 1024 0 0 0 0 0 0 0 0 0 0 0 0 0 0 0 3105 0 0 0 0 0 0 0 0 0 0 0 0 0 0 0 0 0 0 0 0 
0 0 0 0 2081 0 0 0 0 0 0 2081 3072 1024 0 0 1057 0 0 0 0 0 0 0 0 0 0 0 0 114 115 1027 2051 1027 2051 1027 1027 1027 1027 3075 3083 3072 0 0 0 0 0 0 0 0 0 0 0 0 0 0 0 0 2048 2048 2048 2048 2059 1035 2048 0 0 0 0 0 0 0 0 0 0 0 1024 1024 1024 2059 1035 1024 11 3083 0 0 0 0 0 0 1024 1024 0 2048 2048 0 0 0 0 0 0 0 0 0 0 0 0 3105 0 0 0 0 0 0 0 0 0 0 0 0 0 0 0 0 0 0 0 0 
0 0 0 0 2081 0 0 0 0 0 0 2059 1035 3072 1024 11 3083 0 0 0 0 192 196 1216 1024 0 0 0 66 3187 3186 0 0 0 0 0 0 0 0 0 0 0 0 0 0 0 0 0 0 0 0 0 0 0 0 0 0 0 3072 3072 3072 2048 2048 2059 1035 1024 1024 1024 1024 1024 0 0 192 1216 0 0 1024 1024 1024 2048 2059 3 3083 3072 0 0 0 0 192 1216 1024 1024 0 2048 3072 3072 3072 114 115 1027 3075 3075 1027 3 1027 1027 1027 3083 0 0 0 0 0 0 0 0 0 0 0 0 0 0 0 0 0 0 0 0 
0 0 0 0 1057 0 0 0 0 0 0 2048 2059 2051 3 3083 3072 0 0 0 0 1224 199 200 2048 0 0 0 1057 0 0 0 0 0 0 0 0 0 0 0 0 0 0 0 0 0 0 0 0 0 0 0 0 0 0 0 0 0 1024 1024 1024 1024 2048 2048 2059 1035 1024 1024 1024 1024 2048 0 2240 3264 0 0 0 1024 1024 2048 2048 1024 3072 3072 0 0 1024 0 2240 3264 1024 0 0 2048 3072 114 115 3187 3186 1024 1024 1024 1024 1024 1024 1024 0 1024 0 0 0 0 0 0 0 0 0 0 0 0 0 0 0 0 0 0 0 0 
0 0 0 0 1057 0 0 0 0 0 0 0 0 0 0 0 0 0 0 0 0 3272 2247 2248 2048 0 0 0 1057 0 0 0 0 0 0 0 0 0 0 0 0 0 0 0 0 0 0 0 0 0 0 0 0 0 0 0 0 0 1024 1024 1024 1024 3072 2048 2048 2059 1035 2048 1024 1024 2048 0 0 0 0 0 0 0 0 0 0 1024 1024 1024 1024 1024 1024 0 0 0 0 0 0 2048 66 3187 3186 3072 3072 1024 0 0 0 0 0 0 0 1024 0 0 0 0 0 0 0 0 0 0 0 0 0 0 0 0 0 0 0 0 
0 0 0 0 1057 0 0 0 0 0 0 0 0 0 0 0 0 0 0 0 0 2240 2244 3264 3072 0 0 0 1057 0 0 0 0 0 0 0 0 0 0 0 0 0 0 0 0 0 0 0 0 0 0 0 0 0 0 0 0 0 1024 1024 1024 1024 1024 1024 2048 2048 2059 1035 1024 1024 2048 0 0 0 0 0 0 0 0 0 0 0 1024 1024 1024 1024 1024 1024 0 0 0 0 0 2048 3105 0 0 0 0 0 0 0 0 0 0 0 1024 0 0 0 0 0 0 0 0 0 0 0 0 0 0 0 0 0 0 0 0 0 
0 0 0 0 2059 1035 2048 1024 0 0 0 0 0 0 0 0 0 0 0 0 0 0 0 0 0 0 0 0 1057 0 0 0 0 0 0 0 0 0 0 0 0 0 0 0 0 0 0 0 0 0 0 0 0 0 0 0 0 0 1024 1024 1024 1024 1024 1024 3072 2048 2048 2059 1035 2048 2048 0 0 0 0 0 0 0 0 0 0 0 1024 1024 1024 1024 1024 1024 0 0 0 0 0 0 1057 0 0 0 0 0 0 0 0 0 0 0 0 0 0 0 0 0 0 0 0 0 0 0 0 0 0 0 0 0 0 0 0 0 
0 0 2048 0 2048 2059 1035 2048 0 1024 0 0 0 0 0 0 0 0 0 0 0 0 0 0 0 0 0 0 33 2048 2048 0 0 0 0 0 0 0 0 0 0 0 0 0 0 0 0 0 0 0 0 0 0 0 0 0 0 0 1024 1024 1024 1024 1024 1024 3072 2048 2048 2048 2059 1035 2048 0 0 0 0 0 0 0 0 0 0 0 1024 1024 1024 1024 1024 1024 1024 1024 1024 0 1024 0 2081 0 0 0 0 0 0 0 0 0 0 0 0 0 0 0 0 0 0 0 0 0 0 0 0 0 0 0 0 0 0 0 0 0 
0 0 2048 2048 2048 2048 2059 1035 1024 0 0 0 0 0 0 0 0 0 0 0 0 0 0 0 0 0 0 2048 33 2048 0 0 0 0 0 0 0 0 0 0 0 0 0 0 0 0 0 0 0 0 0 0 0 0 0 0 0 0 0 0 0 0 0 0 0 0 0 0 0 2059 3 2051 2051 1027 3 1027 3 3 1027 3 2051 1027 1027 1027 1027 1027 1027 3 1027 3 3 3075 3 3075 3083 0 0 0 0 0 0 0 0 0 0 0 0 0 0 0 0 0 0 0 0 0 0 0 0 0 0 0 0 0 0 0 0 0 
0 0 2048 2048 2048 2048 2048 2059 1035 0 0 0 0 0 0 0 0 0 0 0 0 0 0 0 0 0 0 11 3083 0 0 0 0 0 0 0 0 0 0 0 0 0 0 0 0 0 0 0 0 0 0 0 0 0 0 0 0 0 0 0 0 0 0 0 0 0 0 0 0 2048 0 0 0 0 0 0 0 0 0 0 0 0 1024 1024 1024 1024 1024 1024 1024 1024 1024 1024 1024 1024 0 0 0 0 0 0 0 0 0 0 0 0 0 0 0 0 0 0 0 0 0 0 0 0 0 0 0 0 0 0 0 0 0 0 
0 0 2048 2048 2048 2048 2048 2048 2059 2051 2051 2051 2051 3075 2051 3075 2051 3075 3075 3075 2051 3075 2051 3075 3075 3075 3075 3083 3072 0 0 0 0 0 0 0 0 0 0 0 0 0 0 0 0 0 0 0 0 0 0 0 0 0 0 0 0 0 0 0 0 0 0 0 0 0 0 0 0 0 0 0 0 0 0 0 0 0 0 0 0 0 0 0 0 0 0 0 0 0 0 0 0 0 0 0 0 3072 3072 0 0 0 0 0 0 0 0 0 0 0 0 0 0 0 0 0 0 0 0 0 0 0 0 0 0 0 0 0 
0 0 2048 2048 0 2048 2048 2048 2048 0 0 0 0 0 0 0 0 0 0 0 0 0 0 0 0 0 0 0 0 0 0 0 0 0 0 0 0 0 0 0 0 0 0 0 0 0 0 0 0 0 0 0 0 0 0 0 0 0 0 0 0 0 0 0 0 0 0 0 0 0 0 0 0 0 0 0 0 0 0 0 0 0 0 0 0 0 0 0 0 0 0 0 0 0 0 0 0 0 0 0 0 0 0 0 0 0 0 0 0 0 0 0 0 0 0 0 0 0 0 0 0 0 0 0 0 0 0 0 
0 0 2048 2048 2048 0 0 0 0 0 0 0 0 0 0 0 0 0 0 0 0 0 0 0 0 0 0 0 0 0 0 0 0 0 0 0 0 0 0 0 0 0 0 0 0 0 0 0 0 0 0 0 0 0 0 0 0 0 0 0 0 0 0 0 0 0 0 0 0 0 0 0 0 0 0 0 0 0 0 0 0 0 0 0 0 0 0 0 0 0 0 0 0 0 0 0 0 0 0 0 0 0 0 0 0 0 0 0 0 0 0 0 0 0 0 0 0 0 0 0 0 0 0 0 0 0 0 0 
0 0 0 0 0 0 0 0 0 0 0 0 0 0 0 0 0 0 0 0 0 0 0 0 0 0 0 0 0 0 0 0 0 0 0 0 0 0 0 0 0 0 0 0 0 0 0 0 0 0 0 0 0 0 0 0 0 0 0 0 0 0 0 0 0 0 0 0 0 0 0 0 0 0 0 0 0 0 0 0 0 0 0 0 0 0 0 0 0 0 0 0 0 0 0 0 0 0 0 0 0 0 0 0 0 0 0 0 0 0 0 0 0 0 0 0 0 0 0 0 0 0 0 0 0 0 0 0 
0 0 0 0 0 0 0 0 0 0 0 0 0 0 0 0 0 0 0 0 0 0 0 0 0 0 0 0 0 0 0 0 0 0 0 0 0 0 0 0 0 0 0 0 0 0 0 0 0 0 0 0 0 0 0 0 0 0 0 0 0 0 0 0 0 0 0 0 0 0 0 0 0 0 0 0 0 0 0 0 0 0 0 0 0 0 0 0 0 0 0 0 0 0 0 0 0 0 0 0 0 0 0 0 0 0 0 0 0 0 0 0 0 0 0 0 0 0 0 0 0 0 0 0 0 0 0 0 
0 0 0 0 0 0 0 0 0 0 0 0 0 0 0 0 0 0 0 0 0 0 0 0 0 0 0 0 0 0 0 0 0 0 0 0 0 0 0 0 0 0 0 0 0 0 0 0 0 0 0 0 0 0 0 0 0 0 0 0 0 0 0 0 0 0 0 0 0 0 0 0 0 0 0 0 0 0 0 0 0 0 0 0 0 0 0 0 0 0 0 0 0 0 0 0 0 0 0 0 0 0 0 0 0 0 0 0 0 0 0 0 0 0 0 0 0 0 0 0 0 0 0 0 0 0 0 0 
0 0 0 0 0 0 0 0 0 0 0 0 0 0 0 0 0 0 0 0 0 0 0 0 0 0 0 0 0 0 0 0 0 0 0 0 0 0 0 0 0 0 0 0 0 0 0 0 0 0 0 0 0 0 0 0 0 0 0 0 0 0 0 0 0 0 0 0 0 0 0 0 0 0 0 0 0 0 0 0 0 0 0 0 0 0 0 0 0 0 0 0 0 0 0 0 0 0 0 0 0 0 0 0 0 0 0 0 0 0 0 0 0 0 0 0 0 0 0 0 0 0 0 0 0 0 0 0 
0 0 0 0 0 0 0 0 0 0 0 0 0 0 0 0 0 0 0 0 0 0 0 0 0 0 0 0 0 0 0 0 0 0 0 0 0 0 0 0 0 0 0 0 0 0 0 0 0 0 0 0 0 0 0 0 0 0 0 0 0 0 0 0 0 0 0 0 0 0 0 0 0 0 0 0 0 0 0 0 0 0 0 0 0 0 0 0 0 0 0 0 0 0 0 0 0 0 0 0 0 0 0 0 0 0 0 0 0 0 0 0 0 0 0 0 0 0 0 0 0 0 0 0 0 0 0 0 
0 0 0 0 0 0 0 0 0 0 0 0 0 0 0 0 0 0 0 0 0 0 0 0 0 0 0 0 0 0 0 0 0 0 0 0 0 0 0 0 0 0 0 0 0 0 0 0 0 0 0 0 0 0 0 0 0 0 0 0 0 0 0 0 0 0 0 0 0 0 0 0 0 0 0 0 0 0 0 0 0 0 0 0 0 0 0 0 0 0 0 0 0 0 0 0 0 0 0 0 0 0 0 0 0 0 0 0 0 0 0 0 0 0 0 0 0 0 0 0 0 0 0 0 0 0 0 0 
0 0 0 0 0 0 0 0 0 0 0 0 0 0 0 0 0 0 0 0 0 0 0 0 0 0 0 0 0 0 0 0 0 0 0 0 0 0 0 0 0 0 0 0 0 0 0 0 0 0 0 0 0 0 0 0 0 0 0 0 0 0 0 0 0 0 0 0 0 0 0 0 0 0 0 0 0 0 0 0 0 0 0 0 0 0 0 0 0 0 0 0 0 0 0 0 0 0 0 0 0 0 0 0 0 0 0 0 0 0 0 0 0 0 0 0 0 0 0 0 0 0 0 0 0 0 0 0 
0 0 0 0 0 0 0 0 0 0 0 0 0 0 0 0 0 0 0 0 0 0 0 0 0 0 0 0 0 0 0 0 0 0 0 0 0 0 0 0 0 0 0 0 0 0 0 0 0 0 0 0 0 0 0 0 0 0 0 0 0 0 0 0 0 0 0 0 0 0 0 0 0 0 0 0 0 0 0 0 0 0 0 0 0 0 0 0 0 0 0 0 0 0 0 0 0 0 0 0 0 0 0 0 0 0 0 0 0 0 0 0 0 0 0 0 0 0 0 0 0 0 0 0 0 0 0 0 
0 0 0 0 0 0 0 0 0 0 0 0 0 0 0 0 0 0 0 0 0 0 0 0 0 0 0 0 0 0 0 0 0 0 0 0 0 0 0 0 0 0 0 0 0 0 0 0 0 0 0 0 0 0 0 0 0 0 0 0 0 0 0 0 0 0 0 0 0 0 0 0 0 0 0 0 0 0 0 0 0 0 0 0 0 0 0 0 0 0 0 0 0 0 0 0 0 0 0 0 0 0 0 0 0 0 0 0 0 0 0 0 0 0 0 0 0 0 0 0 0 0 0 0 0 0 0 0 
0 0 0 0 0 0 0 0 0 0 0 0 0 0 0 0 0 0 0 0 0 0 0 0 0 0 0 0 0 0 0 0 0 0 0 0 0 0 0 0 0 0 0 0 0 0 0 0 0 0 0 0 0 0 0 0 0 0 0 0 0 0 0 0 0 0 0 0 0 0 0 0 0 0 0 0 0 0 0 0 0 0 0 0 0 0 0 0 0 0 0 0 0 0 0 0 0 0 0 0 0 0 0 0 0 0 0 0 0 0 0 0 0 0 0 0 0 0 0 0 0 0 0 0 0 0 0 0 
0 0 0 0 0 0 0 0 0 0 0 0 0 0 0 0 0 0 0 0 0 0 0 0 0 0 0 0 0 0 0 0 0 0 0 0 0 0 0 0 0 0 0 0 0 0 0 0 0 0 0 0 0 0 0 0 0 0 0 0 0 0 0 0 0 0 0 0 0 0 0 0 0 0 0 0 0 0 0 0 0 0 0 0 0 0 0 0 0 0 0 0 0 0 0 0 0 0 0 0 0 0 0 0 0 0 0 0 0 0 0 0 0 0 0 0 0 0 0 0 0 0 0 0 0 0 0 0 
0 0 0 0 0 0 0 0 0 0 0 0 0 0 0 0 0 0 0 0 0 0 0 0 0 0 0 0 0 0 0 0 0 0 0 0 0 0 0 0 0 0 0 0 0 0 0 0 0 0 0 0 0 0 0 0 0 0 0 0 0 0 0 0 0 0 0 0 0 0 0 0 0 0 0 0 0 0 0 0 0 0 0 0 0 0 0 0 0 0 0 0 0 0 0 0 0 0 0 0 0 0 0 0 0 0 0 0 0 0 0 0 0 0 0 0 0 0 0 0 0 0 0 0 0 0 0 0 
0 0 0 0 0 0 0 0 0 0 0 0 0 0 0 0 0 0 0 0 0 0 0 0 0 0 0 0 0 0 0 0 0 0 0 0 0 0 0 0 0 0 0 0 0 0 0 0 0 0 0 0 0 0 0 0 0 0 0 0 0 0 0 0 0 0 0 0 0 0 0 0 0 0 0 0 0 0 0 0 0 0 0 0 0 0 0 0 0 0 0 0 0 0 0 0 0 0 0 0 0 0 0 0 0 0 0 0 0 0 0 0 0 0 0 0 0 0 0 0 0 0 0 0 0 0 0 0 
0 0 0 0 0 0 0 0 0 0 0 0 0 0 0 0 0 0 0 0 0 0 0 0 0 0 0 0 0 0 0 0 0 0 0 0 0 0 0 0 0 0 0 0 0 0 0 0 0 0 0 0 0 0 0 0 0 0 0 0 0 0 0 0 0 0 0 0 0 0 0 0 0 0 0 0 0 0 0 0 0 0 0 0 0 0 0 0 0 0 0 0 0 0 0 0 0 0 0 0 0 0 0 0 0 0 0 0 0 0 0 0 0 0 0 0 0 0 0 0 0 0 0 0 0 0 0 0 
0 0 0 0 0 0 0 0 0 0 0 0 0 0 0 0 0 0 0 0 0 0 0 0 0 0 0 0 0 0 0 0 0 0 0 0 0 0 0 0 0 0 0 0 0 0 0 0 0 0 0 0 0 0 0 0 0 0 0 0 0 0 0 0 0 0 0 0 0 0 0 0 0 0 0 0 0 0 0 0 0 0 0 0 0 0 0 0 0 0 0 0 0 0 0 0 0 0 0 0 0 0 0 0 0 0 0 0 0 0 0 0 0 0 0 0 0 0 0 0 0 0 0 0 0 0 0 0 
0 0 0 0 0 0 0 0 0 0 0 0 0 0 0 0 0 0 0 0 0 0 0 0 0 0 0 0 0 0 0 0 0 0 0 0 0 0 0 0 0 0 0 0 0 0 0 0 0 0 0 0 0 0 0 0 0 0 0 0 0 0 0 0 0 0 0 0 0 0 0 0 0 0 0 0 0 0 0 0 0 0 0 0 0 0 0 0 0 0 0 0 0 0 0 0 0 0 0 0 0 0 0 0 0 0 0 0 0 0 0 0 0 0 0 0 0 0 0 0 0 0 0 0 0 0 0 0 
0 0 0 0 0 0 0 0 0 0 0 0 0 0 0 0 0 0 0 0 0 0 0 0 0 0 0 0 0 0 0 0 0 0 0 0 0 0 0 0 0 0 0 0 0 0 0 0 0 0 0 0 0 0 0 0 0 0 0 0 0 0 0 0 0 0 0 0 0 0 0 0 0 0 0 0 0 0 0 0 0 0 0 0 0 0 0 0 0 0 0 0 0 0 0 0 0 0 0 0 0 0 0 0 0 0 0 0 0 0 0 0 0 0 0 0 0 0 0 0 0 0 0 0 0 0 0 0 
0 0 0 0 0 0 0 0 0 0 0 0 0 0 0 0 0 0 0 0 0 0 0 0 0 0 0 0 0 0 0 0 0 0 0 0 0 0 0 0 0 0 0 0 0 0 0 0 0 0 0 0 0 0 0 0 0 0 0 0 0 0 0 0 0 0 0 0 0 0 0 0 0 0 0 0 0 0 0 0 0 0 0 0 0 0 0 0 0 0 0 0 0 0 0 0 0 0 0 0 0 0 0 0 0 0 0 0 0 0 0 0 0 0 0 0 0 0 0 0 0 0 0 0 0 0 0 0 
0 0 0 0 0 0 0 0 0 0 0 0 0 0 0 0 0 0 0 0 0 0 0 0 0 0 0 0 0 0 0 0 0 0 0 0 0 0 0 0 0 0 0 0 0 0 0 0 0 0 0 0 0 0 0 0 0 0 0 0 0 0 0 0 0 0 0 0 0 0 0 0 0 0 0 0 0 0 0 0 0 0 0 0 0 0 0 0 0 0 0 0 0 0 0 0 0 0 0 0 0 0 0 0 0 0 0 0 0 0 0 0 0 0 0 0 0 0 0 0 0 0 0 0 0 0 0 0 
0 0 0 0 0 0 0 0 0 0 0 0 0 0 0 0 0 0 0 0 0 0 0 0 0 0 0 0 0 0 0 0 0 0 0 0 0 0 0 0 0 0 0 0 0 0 0 0 0 0 0 0 0 0 0 0 0 0 0 0 0 0 0 0 0 0 0 0 0 0 0 0 0 0 0 0 0 0 0 0 0 0 0 0 0 0 0 0 0 0 0 0 0 0 0 0 0 0 0 0 0 0 0 0 0 0 0 0 0 0 0 0 0 0 0 0 0 0 0 0 0 0 0 0 0 0 0 0 
0 0 0 0 0 0 0 0 0 0 0 0 0 0 0 0 0 0 0 0 0 0 0 0 0 0 0 0 0 0 0 0 0 0 0 0 0 0 0 0 0 0 0 0 0 0 0 0 0 0 0 0 0 0 0 0 0 0 0 0 0 0 0 0 0 0 0 0 0 0 0 0 0 0 0 0 0 0 0 0 0 0 0 0 0 0 0 0 0 0 0 0 0 0 0 0 0 0 0 0 0 0 0 0 0 0 0 0 0 0 0 0 0 0 0 0 0 0 0 0 0 0 0 0 0 0 0 0 
0 0 0 0 0 0 0 0 0 0 0 0 0 0 0 0 0 0 0 0 0 0 0 0 0 0 0 0 0 0 0 0 0 0 0 0 0 0 0 0 0 0 0 0 0 0 0 0 0 0 0 0 0 0 0 0 0 0 0 0 0 0 0 0 0 0 0 0 0 0 0 0 0 0 0 0 0 0 0 0 0 0 0 0 0 0 0 0 0 0 0 0 0 0 0 0 0 0 0 0 0 0 0 0 0 0 0 0 0 0 0 0 0 0 0 0 0 0 0 0 0 0 0 0 0 0 0 0 
0 0 0 0 0 0 0 0 0 0 0 0 0 0 0 0 0 0 0 0 0 0 0 0 0 0 0 0 0 0 0 0 0 0 0 0 0 0 0 0 0 0 0 0 0 0 0 0 0 0 0 0 0 0 0 0 0 0 0 0 0 0 0 0 0 0 0 0 0 0 0 0 0 0 0 0 0 0 0 0 0 0 0 0 0 0 0 0 0 0 0 0 0 0 0 0 0 0 0 0 0 0 0 0 0 0 0 0 0 0 0 0 0 0 0 0 0 0 0 0 0 0 0 0 0 0 0 0 
0 0 0 0 0 0 0 0 0 0 0 0 0 0 0 0 0 0 0 0 0 0 0 0 0 0 0 0 0 0 0 0 0 0 0 0 0 0 0 0 0 0 0 0 0 0 0 0 0 0 0 0 0 0 0 0 0 0 0 0 0 0 0 0 0 0 0 0 0 0 0 0 0 0 0 0 0 0 0 0 0 0 0 0 0 0 0 0 0 0 0 0 0 0 0 0 0 0 0 0 0 0 0 0 0 0 0 0 0 0 0 0 0 0 0 0 0 0 0 0 0 0 0 0 0 0 0 0 
0 0 0 0 0 0 0 0 0 0 0 0 0 0 0 0 0 0 0 0 0 0 0 0 0 0 0 0 0 0 0 0 0 0 0 0 0 0 0 0 0 0 0 0 0 0 0 0 0 0 0 0 0 0 0 0 0 0 0 0 0 0 0 0 0 0 0 0 0 0 0 0 0 0 0 0 0 0 0 0 0 0 0 0 0 0 0 0 0 0 0 0 0 0 0 0 0 0 0 0 0 0 0 0 0 0 0 0 0 0 0 0 0 0 0 0 0 0 0 0 0 0 0 0 0 0 0 0 
0 0 0 0 0 0 0 0 0 0 0 0 0 0 0 0 0 0 0 0 0 0 0 0 0 0 0 0 0 0 0 0 0 0 0 0 0 0 0 0 0 0 0 0 0 0 0 0 0 0 0 0 0 0 0 0 0 0 0 0 0 0 0 0 0 0 0 0 0 0 0 0 0 0 0 0 0 0 0 0 0 0 0 0 0 0 0 0 0 0 0 0 0 0 0 0 0 0 0 0 0 0 0 0 0 0 0 0 0 0 0 0 0 0 0 0 0 0 0 0 0 0 0 0 0 0 0 0 
0 0 0 0 0 0 0 0 0 0 0 0 0 0 0 0 0 0 0 0 0 0 0 0 0 0 0 0 0 0 0 0 0 0 0 0 0 0 0 0 0 0 0 0 0 0 0 0 0 0 0 0 0 0 0 0 0 0 0 0 0 0 0 0 0 0 0 0 0 0 0 0 0 0 0 0 0 0 0 0 0 0 0 0 0 0 0 0 0 0 0 0 0 0 0 0 0 0 0 0 0 0 0 0 0 0 0 0 0 0 0 0 0 0 0 0 0 0 0 0 0 0 0 0 0 0 0 0 
0 0 0 0 0 0 0 0 0 0 0 0 0 0 0 0 0 0 0 0 0 0 0 0 0 0 0 0 0 0 0 0 0 0 0 0 0 0 0 0 0 0 0 0 0 0 0 0 0 0 0 0 0 0 0 0 0 0 0 0 0 0 0 0 0 0 0 0 0 0 0 0 0 0 0 0 0 0 0 0 0 0 0 0 0 0 0 0 0 0 0 0 0 0 0 0 0 0 0 0 0 0 0 0 0 0 0 0 0 0 0 0 0 0 0 0 0 0 0 0 0 0 0 0 0 0 0 0 
0 0 0 0 0 0 0 0 0 0 0 0 0 0 0 0 0 0 0 0 0 0 0 0 0 0 0 0 0 0 0 0 0 0 0 0 0 0 0 0 0 0 0 0 0 0 0 0 0 0 0 0 0 0 0 0 0 0 0 0 0 0 0 0 0 0 0 0 0 0 0 0 0 0 0 0 0 0 0 0 0 0 0 0 0 0 0 0 0 0 0 0 0 0 0 0 0 0 0 0 0 0 0 0 0 0 0 0 0 0 0 0 0 0 0 0 0 0 0 0 0 0 0 0 0 0 0 0 
0 0 0 0 0 0 0 0 0 0 0 0 0 0 0 0 0 0 0 0 0 0 0 0 0 0 0 0 0 0 0 0 0 0 0 0 0 0 0 0 0 0 0 0 0 0 0 0 0 0 0 0 0 0 0 0 0 0 0 0 0 0 0 0 0 0 0 0 0 0 0 0 0 0 0 0 0 0 0 0 0 0 0 0 0 0 0 0 0 0 0 0 0 0 0 0 0 0 0 0 0 0 0 0 0 0 0 0 0 0 0 0 0 0 0 0 0 0 0 0 0 0 0 0 0 0 0 0 
0 0 0 0 0 0 0 0 0 0 0 0 0 0 0 0 0 0 0 0 0 0 0 0 0 0 0 0 0 0 0 0 0 0 0 0 0 0 0 0 0 0 0 0 0 0 0 0 0 0 0 0 0 0 0 0 0 0 0 0 0 0 0 0 0 0 0 0 0 0 0 0 0 0 0 0 0 0 0 0 0 0 0 0 0 0 0 0 0 0 0 0 0 0 0 0 0 0 0 0 0 0 0 0 0 0 0 0 0 0 0 0 0 0 0 0 0 0 0 0 0 0 0 0 0 0 0 0 
0 0 0 0 0 0 0 0 0 0 0 0 0 0 0 0 0 0 0 0 0 0 0 0 0 0 0 0 0 0 0 0 0 0 0 0 0 0 0 0 0 0 0 0 0 0 0 0 0 0 0 0 0 0 0 0 0 0 0 0 0 0 0 0 0 0 0 0 0 0 0 0 0 0 0 0 0 0 0 0 0 0 0 0 0 0 0 0 0 0 0 0 0 0 0 0 0 0 0 0 0 0 0 0 0 0 0 0 0 0 0 0 0 0 0 0 0 0 0 0 0 0 0 0 0 0 0 0 
