8912896 12582912 0 0 0 182 182 3 0

9051904 12443904 0 0 182 182 182 1 0

9248512 12443904 0 0 364 182 182 1 0

9445120 12443904 0 0 546 182 182 1 0

9641728 12443904 0 0 728 182 182 1 0

9838336 12443904 0 0 910 182 182 1 0

10034944 12443904 0 0 1092 182 182 1 0

10231552 12443904 0 0 1274 182 182 1 0

10428160 12443904 0 0 1456 182 182 1 0

10624768 12443904 0 0 1638 182 182 1 0

10821376 12443904 0 0 1820 182 182 1 0

11017984 12443904 0 0 2002 182 182 1 0

11214592 12443904 0 0 2184 182 182 1 0

11411200 12443904 0 0 2366 182 182 1 0

11607808 12443904 0 0 2548 182 182 1 0

11804416 12443904 0 0 2730 182 182 1 0

12001024 12443904 0 0 2912 182 182 1 0

12197632 12443904 0 0 3094 182 182 1 0

12394240 12443904 0 0 3276 182 182 1 0

12590848 12443904 0 0 3458 182 182 1 0

12787456 12443904 0 0 3640 182 182 1 0

12984064 12443904 0 0 3822 182 182 1 0

13180672 12443904 0 0 4004 182 182 1 0

13377280 12443904 0 0 4186 182 182 1 0

13573888 12443904 0 0 4368 182 182 1 0

13770496 12443904 0 0 4550 182 182 1 0

13967104 12443904 0 0 4732 182 182 1 0

14163712 12443904 0 0 4914 182 182 1 0

14360320 12443904 0 0 5096 182 182 1 0

14556928 12443904 0 0 5278 182 182 1 0

14753536 12443904 0 0 5460 182 182 1 0

14950144 12443904 0 0 5642 182 182 1 0

15146752 12443904 0 0 5824 182 182 1 0

15343360 12443904 0 0 6006 182 182 1 0

15539968 12443904 0 0 6188 182 182 1 0

15736576 12443904 0 0 6370 182 182 1 0

15933184 12443904 0 0 6552 182 182 1 0

16129792 12443904 0 0 6734 182 182 1 0

16326400 12443904 0 0 6916 182 182 1 0

16523008 12443904 0 0 7098 182 182 1 0

16719616 12443904 0 0 7280 182 182 1 0

16916224 12443904 0 0 7462 182 182 1 0

17112832 12443904 0 0 7644 182 182 1 0

17309440 12443904 0 0 7826 182 182 1 0

17506048 12443904 0 0 8008 182 182 1 0

17702656 12443904 0 0 8190 182 182 1 0

17899264 12443904 0 0 8372 182 182 1 0

18095872 12443904 0 0 8554 182 182 1 0

18292480 12443904 0 0 8736 182 182 1 0

18489088 12443904 0 0 8918 182 182 1 0

18685696 12443904 0 0 9100 182 182 1 0

18882304 12443904 0 0 9282 182 182 1 0

19078912 12443904 0 0 9464 182 182 1 0

19275520 12443904 0 0 9646 182 182 1 0

19472128 12443904 0 0 9828 182 182 1 0

19668736 12443904 0 0 10010 182 182 1 0

19865344 12443904 0 0 10192 182 182 1 0

20061952 12443904 0 0 10374 182 182 1 0

20258560 12443904 0 0 10556 182 182 1 0

20455168 12443904 0 0 10738 182 182 1 0

20651776 12443904 0 0 10920 182 182 1 0

20848384 12443904 0 0 11102 182 182 1 0

21044992 12443904 0 0 11284 182 182 1 0

21241600 12443904 0 0 11466 182 182 1 0

21380608 12304896 0 0 11648 182 182 1 0

21519616 12165888 0 0 11830 182 182 1 0

21716224 12165888 0 0 12012 182 182 1 0

21855232 12026880 0 0 12194 182 182 1 0

21959488 11922624 0 0 12376 182 182 1 0

22098496 11783616 0 0 12558 182 182 1 0

22295104 11783616 0 0 12740 182 182 1 0

22434112 11644608 0 0 12922 182 182 1 0

22630720 11644608 0 0 13104 182 182 1 0

22778176 11644608 0 0 13286 182 182 1 0

22882432 11540352 0 0 13468 182 182 1 0

23021440 11401344 0 0 13650 182 182 1 0

23218048 11401344 0 0 13832 182 182 1 0

23414656 11401344 0 0 14014 182 182 1 0

23611264 11401344 0 0 14196 182 182 1 0

23807872 11401344 0 0 14378 182 182 1 0

23955328 11401344 0 0 14560 182 182 1 0

24151936 11401344 0 0 14742 182 182 1 0

24348544 11401344 0 0 14924 182 182 1 0

24545152 11401344 0 0 15106 182 182 1 0

24741760 11401344 0 0 15288 182 182 1 0

24938368 11401344 0 0 15470 182 182 1 0

25134976 11401344 0 0 15652 182 182 1 0

25331584 11401344 0 0 15834 182 182 1 0

25528192 11401344 0 0 16016 182 182 1 0

25724800 11401344 0 0 16198 182 182 1 0

25921408 11401344 0 0 16380 182 182 1 0

26118016 11401344 0 0 16562 182 182 1 0

26314624 11401344 0 0 16744 182 182 1 0

26511232 11401344 0 0 16926 182 182 1 0

26707840 11401344 0 0 17108 182 182 1 0

26904448 11401344 0 0 17290 182 182 1 0

27101056 11401344 0 0 17472 182 182 1 0

27297664 11401344 0 0 17654 182 182 1 0

27494272 11401344 0 0 17836 182 182 1 0

27633280 11540352 0 0 18018 182 182 1 0

27829888 11540352 0 0 18200 182 182 1 0

28026496 11540352 0 0 18382 182 182 1 0

28223104 11540352 0 0 18564 182 182 1 0

28419712 11540352 0 0 18746 182 182 1 0

28616320 11540352 0 0 18928 182 182 1 0

28812928 11540352 0 0 19110 182 182 1 0

29009536 11540352 0 0 19292 182 182 1 0

29206144 11540352 0 0 19474 182 182 1 0

29402752 11540352 0 0 19656 182 182 1 0

29599360 11540352 0 0 19838 182 182 1 0

29795968 11540352 0 0 20020 182 182 1 0

29992576 11540352 0 0 20202 182 182 1 0

30189184 11540352 0 0 20384 182 182 1 0

30385792 11540352 0 0 20566 182 182 1 0

30582400 11540352 0 0 20748 182 182 1 0

30779008 11540352 0 0 20930 182 182 1 0

30975616 11540352 0 0 21112 182 182 1 0

31172224 11540352 0 0 21294 182 182 1 0

31368832 11540352 0 0 21476 182 182 1 0

31565440 11540352 0 0 21658 182 182 1 0

31762048 11540352 0 0 21840 182 182 1 0

31958656 11540352 0 0 22022 182 182 1 0

32155264 11540352 0 0 22204 182 182 1 0

32351872 11540352 0 0 22386 182 182 1 0

32548480 11540352 0 0 22568 182 182 1 0

32745088 11540352 0 0 22750 182 182 1 0

32941696 11540352 0 0 22932 182 182 1 0

33138304 11540352 0 0 23114 182 182 1 0

33334912 11540352 0 0 23296 182 182 1 0

33531520 11540352 0 0 23478 182 182 1 0

33728128 11540352 0 0 23660 182 182 1 0

33924736 11540352 0 0 23842 182 182 1 0

34063744 11679360 0 0 24024 182 182 1 0

34202752 11818368 0 0 24206 182 182 1 0

34341760 11957376 0 0 24388 182 182 1 0

34480768 12096384 0 0 24570 182 182 1 0

34619776 12235392 0 0 24752 182 182 1 0

34758784 12374400 0 0 24934 182 182 1 0

34897792 12513408 0 0 25116 182 182 1 0

35036800 12652416 0 0 25298 182 182 1 0

35175808 12791424 0 0 25480 182 182 1 0

35314816 12930432 0 0 25662 182 182 1 0

35453824 13069440 0 0 25844 182 182 1 0

35592832 13208448 0 0 26026 182 182 1 0

35731840 13347456 0 0 26208 182 182 1 0

35870848 13486464 0 0 26390 182 182 1 0

36009856 13625472 0 0 26572 182 182 1 0

36148864 13764480 0 0 26754 182 182 1 0

36287872 13903488 0 0 26936 182 182 1 0

36426880 14042496 0 0 27118 182 182 1 0

36426880 14140800 0 0 27300 182 182 1 0

36531136 14245056 0 0 27482 182 182 1 0

36531136 14441664 0 0 27664 182 182 1 0

36670144 14580672 0 0 27846 182 182 1 0

36774400 14684928 0 0 28028 182 182 1 0

36913408 14823936 0 0 28210 182 182 1 0

37052416 14962944 0 0 28392 182 182 1 0

37249024 14962944 0 0 28574 182 182 1 0

37445632 14962944 0 0 28756 182 182 1 0

37642240 14962944 0 0 28938 182 182 1 0

37838848 14962944 0 0 29120 182 182 1 0

37977856 15101952 0 0 29302 182 182 1 0

38174464 15101952 0 0 29484 182 182 1 0

38371072 15101952 0 0 29666 182 182 1 0

38567680 15101952 0 0 29848 182 182 1 0

38764288 15101952 0 0 30030 182 182 1 0

38960896 15101952 0 0 30212 182 182 1 0

39157504 15101952 0 0 30394 182 182 1 0

39354112 15101952 0 0 30576 182 182 1 0

39550720 15101952 0 0 30758 182 182 1 0

39747328 15101952 0 0 30940 182 182 1 0

39943936 15101952 0 0 31122 182 182 1 0

40140544 15101952 0 0 31304 182 182 1 0

40337152 15101952 0 0 31486 182 182 1 0

40533760 15101952 0 0 31668 182 182 1 0

40730368 15101952 0 0 31850 182 182 1 0

40926976 15101952 0 0 32032 182 182 1 0

41031232 14997696 0 0 32214 182 182 1 0

41170240 14858688 0 0 32396 182 182 1 0

41309248 14719680 0 0 32578 182 182 1 0

41448256 14580672 0 0 32760 182 182 1 0

41552512 14476416 0 0 -32594 182 182 1 0

41691520 14337408 0 0 -32412 182 182 1 0

41888128 14337408 0 0 -32230 182 182 1 0

42027136 14198400 0 0 -32048 182 182 1 0

42166144 14059392 0 0 -31866 182 182 1 0

42305152 13920384 0 0 -31684 182 182 1 0

42409408 13816128 0 0 -31502 182 182 1 0

42548416 13677120 0 0 -31320 182 182 1 0

42745024 13677120 0 0 -31138 182 182 1 0

42884032 13538112 0 0 -30956 182 182 1 0

43023040 13399104 0 0 -30774 182 182 1 0

43127296 13294848 0 0 -30592 182 182 1 0

43266304 13155840 0 0 -30410 182 182 1 0

43462912 13155840 0 0 -30228 182 182 1 0

43659520 13155840 0 0 -30046 182 182 1 0

43856128 13155840 0 0 -29864 182 182 1 0

44052736 13155840 0 0 -29682 182 182 1 0

44249344 13155840 0 0 -29500 182 182 1 0

44445952 13155840 0 0 -29318 182 182 1 0

44642560 13155840 0 0 -29136 182 182 1 0

44839168 13155840 0 0 -28954 182 182 1 0

45035776 13155840 0 0 -28772 182 182 1 0

45232384 13155840 0 0 -28590 182 182 1 0

45428992 13155840 0 0 -28408 182 182 1 0

45625600 13155840 0 0 -28226 182 182 1 0

45822208 13155840 0 0 -28044 182 182 1 0

46018816 13155840 0 0 -27862 182 182 1 0

46215424 13155840 0 0 -27680 182 182 1 0

46412032 13155840 0 0 -27498 182 182 1 0

46608640 13155840 0 0 -27316 182 182 1 0

46805248 13155840 0 0 -27134 182 182 1 0

47001856 13155840 0 0 -26952 182 182 1 0

47198464 13155840 0 0 -26770 182 182 1 0

47337472 13016832 0 0 -26588 182 182 1 0

47476480 12877824 0 0 -26406 182 182 1 0

47580736 12773568 0 0 -26224 182 182 1 0

47719744 12634560 0 0 -26042 182 182 1 0

47858752 12495552 0 0 -25860 182 182 1 0

48055360 12495552 0 0 -25678 182 182 1 0

48194368 12356544 0 0 -25496 182 182 1 0

48333376 12217536 0 0 -25314 182 182 1 0

48437632 12113280 0 0 -25132 182 182 1 0

48576640 11974272 0 0 -24950 182 182 1 0

48715648 11835264 0 0 -24768 182 182 1 0

48854656 11696256 0 0 -24586 182 182 1 0

49051264 11696256 0 0 -24404 182 182 1 0

49247872 11696256 0 0 -24222 182 182 1 0

49444480 11696256 0 0 -24040 182 182 1 0

49641088 11696256 0 0 -23858 182 182 1 0

49837696 11696256 0 0 -23676 182 182 1 0

50034304 11696256 0 0 -23494 182 182 1 0

50138560 11800512 0 0 -23312 182 182 1 0

50335168 11800512 0 0 -23130 182 182 1 0

50474176 11939520 0 0 -22948 182 182 1 0

50613184 12078528 0 0 -22766 182 182 1 0

50752192 12217536 0 0 -22584 182 182 1 0

50856448 12321792 0 0 -22402 182 182 1 0

50995456 12460800 0 0 -22220 182 182 1 0

51134464 12599808 0 0 -22038 182 182 1 0

51273472 12738816 0 0 -21856 182 182 1 0

51412480 12877824 0 0 -21674 182 182 1 0

51516736 12982080 0 0 -21492 182 182 1 0

51655744 13121088 0 0 -21310 182 182 1 0

51794752 13260096 0 0 -21128 182 182 1 0

51933760 13399104 0 0 -20946 182 182 1 0

52038016 13503360 0 0 -20764 182 182 1 0

52177024 13642368 0 0 -20582 182 182 1 0

52316032 13781376 0 0 -20400 182 182 1 0

52455040 13920384 0 0 -20218 182 182 1 0

52651648 13920384 0 0 -20036 182 182 1 0

52848256 13920384 0 0 -19854 182 182 1 0

52987264 14059392 0 0 -19672 182 182 1 0

53183872 14059392 0 0 -19490 182 182 1 0

53380480 14059392 0 0 -19308 182 182 1 0

53577088 14059392 0 0 -19126 182 182 1 0

53681344 14163648 0 0 -18944 182 182 1 0

53877952 14163648 0 0 -18762 182 182 1 0

54074560 14163648 0 0 -18580 182 182 1 0

54213568 14302656 0 0 -18398 182 182 1 0

54410176 14302656 0 0 -18216 182 182 1 0

54549184 14441664 0 0 -18034 182 182 1 0

54688192 14580672 0 0 -17852 182 182 1 0

54792448 14684928 0 0 -17670 182 182 1 0

54931456 14823936 0 0 -17488 182 182 1 0

55070464 14962944 0 0 -17306 182 182 1 0

55070464 15159552 0 0 -17124 182 182 1 0

55209472 15298560 0 0 -16942 182 182 1 0

55313728 15402816 0 0 -16760 182 182 1 0

55452736 15541824 0 0 -16578 182 182 1 0

55591744 15680832 0 0 -16396 182 182 1 0

55730752 15819840 0 0 -16214 182 182 1 0

55869760 15958848 0 0 -16032 182 182 1 0

55869760 16155456 0 0 -15850 182 182 1 0

55974016 16259712 0 0 -15668 182 182 1 0

56113024 16398720 0 0 -15486 182 182 1 0

56252032 16537728 0 0 -15304 182 182 1 0

56391040 16676736 0 0 -15122 182 182 1 0

56495296 16780992 0 0 -14940 182 182 1 0

56495296 16977600 0 0 -14758 182 182 1 0

56634304 17116608 0 0 -14576 182 182 1 0

56773312 17255616 0 0 -14394 182 182 1 0

56912320 17394624 0 0 -14212 182 182 1 0

57016576 17498880 0 0 -14030 182 182 1 0

57016576 17695488 0 0 -13848 182 182 1 0

57016576 17892096 0 0 -13666 182 182 1 0

57016576 18088704 0 0 -13484 182 182 1 0

57016576 18285312 0 0 -13302 182 182 1 0

57016576 18481920 0 0 -13120 182 182 1 0

57016576 18678528 0 0 -12938 182 182 1 0

57016576 18875136 0 0 -12756 182 182 1 0

57016576 19071744 0 0 -12574 182 182 1 0

56877568 19210752 0 0 -12392 182 182 1 0

56738560 19349760 0 0 -12210 182 182 1 0

56599552 19488768 0 0 -12028 182 182 1 0

56460544 19627776 0 0 -11846 182 182 1 0

56356288 19732032 0 0 -11664 182 182 1 0

56217280 19871040 0 0 -11482 182 182 1 0

56078272 20010048 0 0 -11300 182 182 1 0

56078272 20206656 0 0 -11118 182 182 1 0

55939264 20345664 0 0 -10936 182 182 1 0

55835008 20449920 0 0 -10754 182 182 1 0

55696000 20588928 0 0 -10572 182 182 1 0

55556992 20727936 0 0 -10390 182 182 1 0

55417984 20866944 0 0 -10208 182 182 1 0

55278976 21005952 0 0 -10026 182 182 1 0

55174720 21110208 0 0 -9844 182 182 1 0

55035712 21249216 0 0 -9662 182 182 1 0

54896704 21388224 0 0 -9480 182 182 1 0

54757696 21527232 0 0 -9298 182 182 1 0

54653440 21631488 0 0 -9116 182 182 1 0

54514432 21770496 0 0 -8934 182 182 1 0

54375424 21909504 0 0 -8752 182 182 1 0

54236416 22048512 0 0 -8570 182 182 1 0

54132160 22152768 0 0 -8388 182 182 1 0

53993152 22291776 0 0 -8206 182 182 1 0

53854144 22430784 0 0 -8024 182 182 1 0

53657536 22430784 0 0 -7842 182 182 1 0

53460928 22430784 0 0 -7660 182 182 1 0

53264320 22430784 0 0 -7478 182 182 1 0

53125312 22569792 0 0 -7296 182 182 1 0

52928704 22569792 0 0 -7114 182 182 1 0

52732096 22569792 0 0 -6932 182 182 1 0

52535488 22569792 0 0 -6750 182 182 1 0

52338880 22569792 0 0 -6568 182 182 1 0

52199872 22708800 0 0 -6386 182 182 1 0

52003264 22708800 0 0 -6204 182 182 1 0

51806656 22708800 0 0 -6022 182 182 1 0

51610048 22708800 0 0 -5840 182 182 1 0

51413440 22708800 0 0 -5658 182 182 1 0

51216832 22708800 0 0 -5476 182 182 1 0

51020224 22708800 0 0 -5294 182 182 1 0

50915968 22813056 0 0 -5112 182 182 1 0

50719360 22813056 0 0 -4930 182 182 1 0

50649856 22882560 0 0 -4748 182 182 1 0

50510848 22743552 0 0 -4566 182 182 1 0

50383744 22755456 0 0 -4384 182 182 1 0

50244736 22894464 0 0 -4202 182 182 1 0

50105728 23033472 0 0 -4020 182 182 1 0

50001472 23137728 0 0 -3838 182 182 1 0

49862464 23276736 0 0 -3656 182 182 1 0

49723456 23415744 0 0 -3474 182 182 1 0

49584448 23554752 0 0 -3292 182 182 1 0

49584448 23751360 0 0 -3110 182 182 1 0

49445440 23890368 0 0 -2928 182 182 1 0

49341184 23994624 0 0 -2746 182 182 1 0

49202176 24133632 0 0 -2564 182 182 1 0

49132672 24203136 0 0 -2382 182 182 1 0

49132672 24104832 0 0 -2200 182 182 1 0

48993664 24243840 0 0 -2018 182 182 1 0

48993664 24243840 0 0 -1836 182 182 1 0

48993664 24243840 0 0 -1654 182 182 1 0

48993664 24096384 0 0 -1472 182 182 1 0

48993664 24096384 0 0 -1290 182 182 1 0

48889408 24200640 0 0 -1108 182 182 1 0

48889408 24200640 0 0 -926 182 182 1 0

48889408 24102336 0 0 -744 182 182 1 0

48889408 24102336 0 0 -562 182 182 1 0

48750400 24241344 0 0 -380 182 182 1 0

48652096 24241344 0 0 -198 182 182 1 0

48652096 24241344 0 0 -16 182 182 1 0

48721600 24171840 0 0 166 182 182 1 0

48721600 24073536 0 0 348 182 182 1 0

48582592 24212544 0 0 530 182 182 1 0

48680896 24212544 0 0 712 182 182 1 0

48533440 24212544 0 0 894 182 182 1 0

48435136 24212544 0 0 1076 182 182 1 0

48435136 24212544 0 0 1258 182 182 1 0

48435136 24212544 0 0 1440 182 182 1 0

48435136 24114240 0 0 1622 182 182 1 0

48330880 24218496 0 0 1804 182 182 1 0

48330880 24218496 0 0 1986 182 182 1 0

48429184 24218496 0 0 2168 182 182 1 0

48281728 24218496 0 0 2350 182 182 1 0

48281728 24218496 0 0 2532 182 182 1 0

48183424 24218496 0 0 2714 182 182 1 0

48252928 24288000 0 0 2896 182 182 1 0

48056320 24288000 0 0 3078 182 182 1 0

48154624 24288000 0 0 3260 182 182 1 0

48007168 24288000 0 0 3442 182 182 1 0

47908864 24288000 0 0 3624 182 182 1 0

47908864 24288000 0 0 3806 182 182 1 0

47839360 24357504 0 0 3988 182 182 1 0

47839360 24357504 0 0 4170 182 182 1 0

47741056 24357504 0 0 4352 182 182 1 0

47741056 24357504 0 0 4534 182 182 1 0

47810560 24427008 0 0 4716 182 182 1 0

47613952 24427008 0 0 4898 182 182 1 0

47613952 24427008 0 0 5080 182 182 1 0

47613952 24328704 0 0 5262 182 182 1 0

47474944 24467712 0 0 5444 182 182 1 0

47622400 24467712 0 0 5626 182 182 1 0

47425792 24467712 0 0 5808 182 182 1 0

47425792 24467712 0 0 5990 182 182 1 0

47327488 24467712 0 0 6172 182 182 1 0

47257984 24537216 0 0 6354 182 182 1 0

47257984 24438912 0 0 6536 182 182 1 0

47118976 24577920 0 0 6718 182 182 1 0

47118976 24577920 0 0 6900 182 182 1 0

47020672 24577920 0 0 7082 182 182 1 0

46824064 24577920 0 0 7264 182 182 1 0

46627456 24577920 0 0 7446 182 182 1 0

46430848 24577920 0 0 7628 182 182 1 0

46234240 24577920 0 0 7810 182 182 1 0

46037632 24577920 0 0 7992 182 182 1 0

45841024 24577920 0 0 8174 182 182 1 0

45644416 24577920 0 0 8356 182 182 1 0

45447808 24577920 0 0 8538 182 182 1 0

45251200 24577920 0 0 8720 182 182 1 0

45054592 24577920 0 0 8902 182 182 1 0

44857984 24577920 0 0 9084 182 182 1 0

44661376 24577920 0 0 9266 182 182 1 0

44464768 24577920 0 0 9448 182 182 1 0

44268160 24577920 0 0 9630 182 182 1 0

44071552 24577920 0 0 9812 182 182 1 0

43874944 24577920 0 0 9994 182 182 1 0

43678336 24577920 0 0 10176 182 182 1 0

43481728 24577920 0 0 10358 182 182 1 0

43285120 24577920 0 0 10540 182 182 1 0

43088512 24577920 0 0 10722 182 182 1 0

42891904 24577920 0 0 10904 182 182 1 0

42695296 24577920 0 0 11086 182 182 1 0

42498688 24577920 0 0 11268 182 182 1 0

42302080 24577920 0 0 11450 182 182 1 0

42105472 24577920 0 0 11632 182 182 1 0

41908864 24577920 0 0 11814 182 182 1 0

41712256 24577920 0 0 11996 182 182 1 0

41515648 24577920 0 0 12178 182 182 1 0

41417344 24577920 0 0 12360 182 182 1 0

