8912896 12582912 0 0 0 182 182 3 0
----------
ABUR
9051904 12443904 0 0 182 182 182 1 0
----------
ABR
9248512 12443904 0 0 364 182 182 1 0
----------
ABR
9445120 12443904 0 0 546 182 182 1 0
----------
ABR
9641728 12443904 0 0 728 182 182 1 0
----------
ABR
9838336 12443904 0 0 910 182 182 1 0
----------
ABR
10034944 12443904 0 0 1092 182 182 1 0
----------
ABR
10231552 12443904 0 0 1274 182 182 1 0
----------
ABR
10428160 12443904 0 0 1456 182 182 1 0
----------
ABR
10624768 12443904 0 0 1638 182 182 1 0
----------
ABR
10821376 12443904 0 0 1820 182 182 1 0
----------
ABR
11017984 12443904 0 0 2002 182 182 1 0
----------
ABR
11214592 12443904 0 0 2184 182 182 1 0
----------
ABR
11411200 12443904 0 0 2366 182 182 1 0
----------
ABR
11607808 12443904 0 0 2548 182 182 1 0
----------
ABR
11804416 12443904 0 0 2730 182 182 1 0
----------
ABR
12001024 12443904 0 0 2912 182 182 1 0
----------
ABR
12197632 12443904 0 0 3094 182 182 1 0
----------
ABR
12394240 12443904 0 0 3276 182 182 1 0
----------
ABR
12590848 12443904 0 0 3458 182 182 1 0
----------
ABR
12787456 12443904 0 0 3640 182 182 1 0
----------
ABR
12984064 12443904 0 0 3822 182 182 1 0
----------
ABR
13180672 12443904 0 0 4004 182 182 1 0
----------
ABR
13377280 12443904 0 0 4186 182 182 1 0
----------
ABR
13573888 12443904 0 0 4368 182 182 1 0
----------
ABR
13770496 12443904 0 0 4550 182 182 1 0
----------
ABR
13967104 12443904 0 0 4732 182 182 1 0
----------
ABR
14163712 12443904 0 0 4914 182 182 1 0
----------
ABR
14360320 12443904 0 0 5096 182 182 1 0
----------
ABR
14556928 12443904 0 0 5278 182 182 1 0
----------
ABR
14753536 12443904 0 0 5460 182 182 1 0
----------
ABR
14950144 12443904 0 0 5642 182 182 1 0
----------
ABR
15146752 12443904 0 0 5824 182 182 1 0
----------
ABR
15343360 12443904 0 0 6006 182 182 1 0
----------
ABR
15539968 12443904 0 0 6188 182 182 1 0
----------
ABR
15736576 12443904 0 0 6370 182 182 1 0
----------
ABR
15933184 12443904 0 0 6552 182 182 1 0
----------
ABR
16129792 12443904 0 0 6734 182 182 1 0
----------
ABR
16326400 12443904 0 0 6916 182 182 1 0
----------
ABR
16523008 12443904 0 0 7098 182 182 1 0
----------
ABR
16719616 12443904 0 0 7280 182 182 1 0
----------
ABR
16916224 12443904 0 0 7462 182 182 1 0
----------
ABR
17112832 12443904 0 0 7644 182 182 1 0
----------
ABR
17309440 12443904 0 0 7826 182 182 1 0
----------
ABR
17506048 12443904 0 0 8008 182 182 1 0
----------
ABR
17702656 12443904 0 0 8190 182 182 1 0
----------
ABR
17899264 12443904 0 0 8372 182 182 1 0
----------
ABR
18095872 12443904 0 0 8554 182 182 1 0
----------
ABR
18292480 12443904 0 0 8736 182 182 1 0
----------
ABR
18489088 12443904 0 0 8918 182 182 1 0
----------
ABR
18685696 12443904 0 0 9100 182 182 1 0
----------
ABR
18882304 12443904 0 0 9282 182 182 1 0
----------
ABR
19078912 12443904 0 0 9464 182 182 1 0
----------
ABR
19275520 12443904 0 0 9646 182 182 1 0
----------
ABR
19472128 12443904 0 0 9828 182 182 1 0
----------
ABR
19668736 12443904 0 0 10010 182 182 1 0
----------
ABR
19865344 12443904 0 0 10192 182 182 1 0
----------
ABR
20061952 12443904 0 0 10374 182 182 1 0
----------
ABR
20258560 12443904 0 0 10556 182 182 1 0
----------
ABR
20455168 12443904 0 0 10738 182 182 1 0
----------
ABR
20651776 12443904 0 0 10920 182 182 1 0
----------
ABR
20848384 12443904 0 0 11102 182 182 1 0
----------
ABR
21044992 12443904 0 0 11284 182 182 1 0
----------
ABR
21241600 12443904 0 0 11466 182 182 1 0
----------
ABUR
21380608 12304896 0 0 11648 182 182 1 0
----------
ABUR
21519616 12165888 0 0 11830 182 182 1 0
----------
ABR
21716224 12165888 0 0 12012 182 182 1 0
----------
ABUR
21855232 12026880 0 0 12194 182 182 1 0
----------
AUR
21959488 11922624 0 0 12376 182 182 1 0
----------
ABUR
22098496 11783616 0 0 12558 182 182 1 0
----------
ABR
22295104 11783616 0 0 12740 182 182 1 0
----------
ABUR
22434112 11644608 0 0 12922 182 182 1 0
----------
ABR
22630720 11644608 0 0 13104 182 182 1 0
----------
AR
22778176 11644608 0 0 13286 182 182 1 0
----------
AUR
22882432 11540352 0 0 13468 182 182 1 0
----------
ABUR
23021440 11401344 0 0 13650 182 182 1 0
----------
ABR
23218048 11401344 0 0 13832 182 182 1 0
----------
ABR
23414656 11401344 0 0 14014 182 182 1 0
----------
ABR
23611264 11401344 0 0 14196 182 182 1 0
----------
ABR
23807872 11401344 0 0 14378 182 182 1 0
----------
AR
23955328 11401344 0 0 14560 182 182 1 0
----------
ABR
24151936 11401344 0 0 14742 182 182 1 0
----------
ABR
24348544 11401344 0 0 14924 182 182 1 0
----------
ABR
24545152 11401344 0 0 15106 182 182 1 0
----------
ABR
24741760 11401344 0 0 15288 182 182 1 0
----------
ABR
24938368 11401344 0 0 15470 182 182 1 0
----------
ABR
25134976 11401344 0 0 15652 182 182 1 0
----------
ABR
25331584 11401344 0 0 15834 182 182 1 0
----------
ABR
25528192 11401344 0 0 16016 182 182 1 0
----------
ABR
25724800 11401344 0 0 16198 182 182 1 0
----------
ABR
25921408 11401344 0 0 16380 182 182 1 0
----------
ABR
26118016 11401344 0 0 16562 182 182 1 0
----------
ABR
26314624 11401344 0 0 16744 182 182 1 0
----------
ABR
26511232 11401344 0 0 16926 182 182 1 0
----------
ABR
26707840 11401344 0 0 17108 182 182 1 0
----------
ABR
26904448 11401344 0 0 17290 182 182 1 0
----------
ABR
27101056 11401344 0 0 17472 182 182 1 0
----------
ABR
27297664 11401344 0 0 17654 182 182 1 0
----------
ABR
27494272 11401344 0 0 17836 182 182 1 0
----------
ABDR
27633280 11540352 0 0 18018 182 182 1 0
----------
ABR
27829888 11540352 0 0 18200 182 182 1 0
----------
ABR
28026496 11540352 0 0 18382 182 182 1 0
----------
ABR
28223104 11540352 0 0 18564 182 182 1 0
----------
ABR
28419712 11540352 0 0 18746 182 182 1 0
----------
ABR
28616320 11540352 0 0 18928 182 182 1 0
----------
ABR
28812928 11540352 0 0 19110 182 182 1 0
----------
ABR
29009536 11540352 0 0 19292 182 182 1 0
----------
ABR
29206144 11540352 0 0 19474 182 182 1 0
----------
ABR
29402752 11540352 0 0 19656 182 182 1 0
----------
ABR
29599360 11540352 0 0 19838 182 182 1 0
----------
ABR
29795968 11540352 0 0 20020 182 182 1 0
----------
ABR
29992576 11540352 0 0 20202 182 182 1 0
----------
ABR
30189184 11540352 0 0 20384 182 182 1 0
----------
ABR
30385792 11540352 0 0 20566 182 182 1 0
----------
ABR
30582400 11540352 0 0 20748 182 182 1 0
----------
ABR
30779008 11540352 0 0 20930 182 182 1 0
----------
ABR
30975616 11540352 0 0 21112 182 182 1 0
----------
ABR
31172224 11540352 0 0 21294 182 182 1 0
----------
ABR
31368832 11540352 0 0 21476 182 182 1 0
----------
ABR
31565440 11540352 0 0 21658 182 182 1 0
----------
ABR
31762048 11540352 0 0 21840 182 182 1 0
----------
ABR
31958656 11540352 0 0 22022 182 182 1 0
----------
ABR
32155264 11540352 0 0 22204 182 182 1 0
----------
ABR
32351872 11540352 0 0 22386 182 182 1 0
----------
ABR
32548480 11540352 0 0 22568 182 182 1 0
----------
ABR
32745088 11540352 0 0 22750 182 182 1 0
----------
ABR
32941696 11540352 0 0 22932 182 182 1 0
----------
ABR
33138304 11540352 0 0 23114 182 182 1 0
----------
ABR
33334912 11540352 0 0 23296 182 182 1 0
----------
ABR
33531520 11540352 0 0 23478 182 182 1 0
----------
ABR
33728128 11540352 0 0 23660 182 182 1 0
----------
ABR
33924736 11540352 0 0 23842 182 182 1 0
----------
ABDR
34063744 11679360 0 0 24024 182 182 1 0
----------
ABDR
34202752 11818368 0 0 24206 182 182 1 0
----------
ABDR
34341760 11957376 0 0 24388 182 182 1 0
----------
ABDR
34480768 12096384 0 0 24570 182 182 1 0
----------
ABDR
34619776 12235392 0 0 24752 182 182 1 0
----------
ABDR
34758784 12374400 0 0 24934 182 182 1 0
----------
ABDR
34897792 12513408 0 0 25116 182 182 1 0
----------
ABDR
35036800 12652416 0 0 25298 182 182 1 0
----------
ABDR
35175808 12791424 0 0 25480 182 182 1 0
----------
ABDR
35314816 12930432 0 0 25662 182 182 1 0
----------
ABDR
35453824 13069440 0 0 25844 182 182 1 0
----------
ABDR
35592832 13208448 0 0 26026 182 182 1 0
----------
ABDR
35731840 13347456 0 0 26208 182 182 1 0
----------
ABDR
35870848 13486464 0 0 26390 182 182 1 0
----------
ABDR
36009856 13625472 0 0 26572 182 182 1 0
----------
ABDR
36148864 13764480 0 0 26754 182 182 1 0
----------
ABDR
36287872 13903488 0 0 26936 182 182 1 0
----------
ABDR
36426880 14042496 0 0 27118 182 182 1 0
----------
D
36426880 14140800 0 0 27300 182 182 1 0
----------
ADR
36531136 14245056 0 0 27482 182 182 1 0
----------
ABD
36531136 14441664 0 0 27664 182 182 1 0
----------
ABDR
36670144 14580672 0 0 27846 182 182 1 0
----------
ADR
36774400 14684928 0 0 28028 182 182 1 0
----------
ABDR
36913408 14823936 0 0 28210 182 182 1 0
----------
ABDR
37052416 14962944 0 0 28392 182 182 1 0
----------
ABR
37249024 14962944 0 0 28574 182 182 1 0
----------
ABR
37445632 14962944 0 0 28756 182 182 1 0
----------
ABR
37642240 14962944 0 0 28938 182 182 1 0
----------
ABR
37838848 14962944 0 0 29120 182 182 1 0
----------
ABDR
37977856 15101952 0 0 29302 182 182 1 0
----------
ABR
38174464 15101952 0 0 29484 182 182 1 0
----------
ABR
38371072 15101952 0 0 29666 182 182 1 0
----------
ABR
38567680 15101952 0 0 29848 182 182 1 0
----------
ABR
38764288 15101952 0 0 30030 182 182 1 0
----------
ABR
38960896 15101952 0 0 30212 182 182 1 0
----------
ABR
39157504 15101952 0 0 30394 182 182 1 0
----------
ABR
39354112 15101952 0 0 30576 182 182 1 0
----------
ABR
39550720 15101952 0 0 30758 182 182 1 0
----------
ABR
39747328 15101952 0 0 30940 182 182 1 0
----------
ABR
39943936 15101952 0 0 31122 182 182 1 0
----------
ABR
40140544 15101952 0 0 31304 182 182 1 0
----------
ABR
40337152 15101952 0 0 31486 182 182 1 0
----------
ABR
40533760 15101952 0 0 31668 182 182 1 0
----------
ABR
40730368 15101952 0 0 31850 182 182 1 0
----------
ABR
40926976 15101952 0 0 32032 182 182 1 0
----------
AUR
41031232 14997696 0 0 32214 182 182 1 0
----------
ABUR
41170240 14858688 0 0 32396 182 182 1 0
----------
ABUR
41309248 14719680 0 0 32578 182 182 1 0
----------
ABUR
41448256 14580672 0 0 32760 182 182 1 0
----------
AUR
41552512 14476416 0 0 -32594 182 182 1 0
----------
ABUR
41691520 14337408 0 0 -32412 182 182 1 0
----------
ABR
41888128 14337408 0 0 -32230 182 182 1 0
----------
ABUR
42027136 14198400 0 0 -32048 182 182 1 0
----------
ABUR
42166144 14059392 0 0 -31866 182 182 1 0
----------
ABUR
42305152 13920384 0 0 -31684 182 182 1 0
----------
AUR
42409408 13816128 0 0 -31502 182 182 1 0
----------
ABUR
42548416 13677120 0 0 -31320 182 182 1 0
----------
ABR
42745024 13677120 0 0 -31138 182 182 1 0
----------
ABUR
42884032 13538112 0 0 -30956 182 182 1 0
----------
ABUR
43023040 13399104 0 0 -30774 182 182 1 0
----------
AUR
43127296 13294848 0 0 -30592 182 182 1 0
----------
ABUR
43266304 13155840 0 0 -30410 182 182 1 0
----------
ABR
43462912 13155840 0 0 -30228 182 182 1 0
----------
ABR
43659520 13155840 0 0 -30046 182 182 1 0
----------
ABR
43856128 13155840 0 0 -29864 182 182 1 0
----------
ABR
44052736 13155840 0 0 -29682 182 182 1 0
----------
ABR
44249344 13155840 0 0 -29500 182 182 1 0
----------
ABR
44445952 13155840 0 0 -29318 182 182 1 0
----------
ABR
44642560 13155840 0 0 -29136 182 182 1 0
----------
ABR
44839168 13155840 0 0 -28954 182 182 1 0
----------
ABR
45035776 13155840 0 0 -28772 182 182 1 0
----------
ABR
45232384 13155840 0 0 -28590 182 182 1 0
----------
ABR
45428992 13155840 0 0 -28408 182 182 1 0
----------
ABR
45625600 13155840 0 0 -28226 182 182 1 0
----------
ABR
45822208 13155840 0 0 -28044 182 182 1 0
----------
ABR
46018816 13155840 0 0 -27862 182 182 1 0
----------
ABR
46215424 13155840 0 0 -27680 182 182 1 0
----------
ABR
46412032 13155840 0 0 -27498 182 182 1 0
----------
ABR
46608640 13155840 0 0 -27316 182 182 1 0
----------
ABR
46805248 13155840 0 0 -27134 182 182 1 0
----------
ABR
47001856 13155840 0 0 -26952 182 182 1 0
----------
ABR
47198464 13155840 0 0 -26770 182 182 1 0
----------
ABUR
47337472 13016832 0 0 -26588 182 182 1 0
----------
ABUR
47476480 12877824 0 0 -26406 182 182 1 0
----------
AUR
47580736 12773568 0 0 -26224 182 182 1 0
----------
ABUR
47719744 12634560 0 0 -26042 182 182 1 0
----------
ABUR
47858752 12495552 0 0 -25860 182 182 1 0
----------
ABR
48055360 12495552 0 0 -25678 182 182 1 0
----------
ABUR
48194368 12356544 0 0 -25496 182 182 1 0
----------
ABUR
48333376 12217536 0 0 -25314 182 182 1 0
----------
AUR
48437632 12113280 0 0 -25132 182 182 1 0
----------
ABUR
48576640 11974272 0 0 -24950 182 182 1 0
----------
ABUR
48715648 11835264 0 0 -24768 182 182 1 0
----------
ABUR
48854656 11696256 0 0 -24586 182 182 1 0
----------
ABR
49051264 11696256 0 0 -24404 182 182 1 0
----------
ABR
49247872 11696256 0 0 -24222 182 182 1 0
----------
ABR
49444480 11696256 0 0 -24040 182 182 1 0
----------
ABR
49641088 11696256 0 0 -23858 182 182 1 0
----------
ABR
49837696 11696256 0 0 -23676 182 182 1 0
----------
ABR
50034304 11696256 0 0 -23494 182 182 1 0
----------
ADR
50138560 11800512 0 0 -23312 182 182 1 0
----------
ABR
50335168 11800512 0 0 -23130 182 182 1 0
----------
ABDR
50474176 11939520 0 0 -22948 182 182 1 0
----------
ABDR
50613184 12078528 0 0 -22766 182 182 1 0
----------
ABDR
50752192 12217536 0 0 -22584 182 182 1 0
----------
ADR
50856448 12321792 0 0 -22402 182 182 1 0
----------
ABDR
50995456 12460800 0 0 -22220 182 182 1 0
----------
ABDR
51134464 12599808 0 0 -22038 182 182 1 0
----------
ABDR
51273472 12738816 0 0 -21856 182 182 1 0
----------
ABDR
51412480 12877824 0 0 -21674 182 182 1 0
----------
ADR
51516736 12982080 0 0 -21492 182 182 1 0
----------
ABDR
51655744 13121088 0 0 -21310 182 182 1 0
----------
ABDR
51794752 13260096 0 0 -21128 182 182 1 0
----------
ABDR
51933760 13399104 0 0 -20946 182 182 1 0
----------
ADR
52038016 13503360 0 0 -20764 182 182 1 0
----------
ABDR
52177024 13642368 0 0 -20582 182 182 1 0
----------
ABDR
52316032 13781376 0 0 -20400 182 182 1 0
----------
ABDR
52455040 13920384 0 0 -20218 182 182 1 0
----------
ABR
52651648 13920384 0 0 -20036 182 182 1 0
----------
ABR
52848256 13920384 0 0 -19854 182 182 1 0
----------
ABDR
52987264 14059392 0 0 -19672 182 182 1 0
----------
ABR
53183872 14059392 0 0 -19490 182 182 1 0
----------
ABR
53380480 14059392 0 0 -19308 182 182 1 0
----------
ABR
53577088 14059392 0 0 -19126 182 182 1 0
----------
ADR
53681344 14163648 0 0 -18944 182 182 1 0
----------
ABR
53877952 14163648 0 0 -18762 182 182 1 0
----------
ABR
54074560 14163648 0 0 -18580 182 182 1 0
----------
ABDR
54213568 14302656 0 0 -18398 182 182 1 0
----------
ABR
54410176 14302656 0 0 -18216 182 182 1 0
----------
ABDR
54549184 14441664 0 0 -18034 182 182 1 0
----------
ABDR
54688192 14580672 0 0 -17852 182 182 1 0
----------
ADR
54792448 14684928 0 0 -17670 182 182 1 0
----------
ABDR
54931456 14823936 0 0 -17488 182 182 1 0
----------
ABDR
55070464 14962944 0 0 -17306 182 182 1 0
----------
ABD
55070464 15159552 0 0 -17124 182 182 1 0
----------
ABDR
55209472 15298560 0 0 -16942 182 182 1 0
----------
ADR
55313728 15402816 0 0 -16760 182 182 1 0
----------
ABDR
55452736 15541824 0 0 -16578 182 182 1 0
----------
ABDR
55591744 15680832 0 0 -16396 182 182 1 0
----------
ABDR
55730752 15819840 0 0 -16214 182 182 1 0
----------
ABDR
55869760 15958848 0 0 -16032 182 182 1 0
----------
ABD
55869760 16155456 0 0 -15850 182 182 1 0
----------
ADR
55974016 16259712 0 0 -15668 182 182 1 0
----------
ABDR
56113024 16398720 0 0 -15486 182 182 1 0
----------
ABDR
56252032 16537728 0 0 -15304 182 182 1 0
----------
ABDR
56391040 16676736 0 0 -15122 182 182 1 0
----------
ADR
56495296 16780992 0 0 -14940 182 182 1 0
----------
ABD
56495296 16977600 0 0 -14758 182 182 1 0
----------
ABDR
56634304 17116608 0 0 -14576 182 182 1 0
----------
ABDR
56773312 17255616 0 0 -14394 182 182 1 0
----------
ABDR
56912320 17394624 0 0 -14212 182 182 1 0
----------
ADR
57016576 17498880 0 0 -14030 182 182 1 0
----------
ABD
57016576 17695488 0 0 -13848 182 182 1 0
----------
ABD
57016576 17892096 0 0 -13666 182 182 1 0
----------
ABD
57016576 18088704 0 0 -13484 182 182 1 0
----------
ABD
57016576 18285312 0 0 -13302 182 182 1 0
----------
ABD
57016576 18481920 0 0 -13120 182 182 1 0
----------
ABD
57016576 18678528 0 0 -12938 182 182 1 0
----------
ABD
57016576 18875136 0 0 -12756 182 182 1 0
----------
ABD
57016576 19071744 0 0 -12574 182 182 1 0
----------
ABDL
56877568 19210752 0 0 -12392 182 182 1 0
----------
ABDL
56738560 19349760 0 0 -12210 182 182 1 0
----------
ABDL
56599552 19488768 0 0 -12028 182 182 1 0
----------
ABDL
56460544 19627776 0 0 -11846 182 182 1 0
----------
ADL
56356288 19732032 0 0 -11664 182 182 1 0
----------
ABDL
56217280 19871040 0 0 -11482 182 182 1 0
----------
ABDL
56078272 20010048 0 0 -11300 182 182 1 0
----------
ABD
56078272 20206656 0 0 -11118 182 182 1 0
----------
ABDL
55939264 20345664 0 0 -10936 182 182 1 0
----------
ADL
55835008 20449920 0 0 -10754 182 182 1 0
----------
ABDL
55696000 20588928 0 0 -10572 182 182 1 0
----------
ABDL
55556992 20727936 0 0 -10390 182 182 1 0
----------
ABDL
55417984 20866944 0 0 -10208 182 182 1 0
----------
ABDL
55278976 21005952 0 0 -10026 182 182 1 0
----------
ADL
55174720 21110208 0 0 -9844 182 182 1 0
----------
ABDL
55035712 21249216 0 0 -9662 182 182 1 0
----------
ABDL
54896704 21388224 0 0 -9480 182 182 1 0
----------
ABDL
54757696 21527232 0 0 -9298 182 182 1 0
----------
ADL
54653440 21631488 0 0 -9116 182 182 1 0
----------
ABDL
54514432 21770496 0 0 -8934 182 182 1 0
----------
ABDL
54375424 21909504 0 0 -8752 182 182 1 0
----------
ABDL
54236416 22048512 0 0 -8570 182 182 1 0
----------
ADL
54132160 22152768 0 0 -8388 182 182 1 0
----------
ABDL
53993152 22291776 0 0 -8206 182 182 1 0
----------
ABDL
53854144 22430784 0 0 -8024 182 182 1 0
----------
ABL
53657536 22430784 0 0 -7842 182 182 1 0
----------
ABL
53460928 22430784 0 0 -7660 182 182 1 0
----------
ABL
53264320 22430784 0 0 -7478 182 182 1 0
----------
ABDL
53125312 22569792 0 0 -7296 182 182 1 0
----------
ABL
52928704 22569792 0 0 -7114 182 182 1 0
----------
ABL
52732096 22569792 0 0 -6932 182 182 1 0
----------
ABL
52535488 22569792 0 0 -6750 182 182 1 0
----------
ABL
52338880 22569792 0 0 -6568 182 182 1 0
----------
ABDL
52199872 22708800 0 0 -6386 182 182 1 0
----------
ABL
52003264 22708800 0 0 -6204 182 182 1 0
----------
ABL
51806656 22708800 0 0 -6022 182 182 1 0
----------
ABL
51610048 22708800 0 0 -5840 182 182 1 0
----------
ABL
51413440 22708800 0 0 -5658 182 182 1 0
----------
ABL
51216832 22708800 0 0 -5476 182 182 1 0
----------
ABL
51020224 22708800 0 0 -5294 182 182 1 0
----------
ADL
50915968 22813056 0 0 -5112 182 182 1 0
----------
ABL
50719360 22813056 0 0 -4930 182 182 1 0
----------
DL
50649856 22882560 0 0 -4748 182 182 1 0
----------
ABUL
50510848 22743552 0 0 -4566 182 182 1 0
----------
ABL
50314240 22743552 0 0 -4384 182 182 1 0
----------
ABDL
50175232 22882560 0 0 -4202 182 182 1 0
----------
ABDL
50036224 23021568 0 0 -4020 182 182 1 0
----------
ADL
49931968 23125824 0 0 -3838 182 182 1 0
----------
ABDL
49979072 23247680 47104 121856 -3656 -1024 182 0 20
----------
ABDL
49979072 23247680 47104 121856 -3656 -1024 182 0 20
----------
ABDL
49979072 23247680 47104 121856 -3656 -1024 182 0 20
----------
ABD
49979072 23247680 47104 121856 -3656 -1024 182 0 20
----------
ABDL
49979072 23247680 47104 121856 -3656 -1024 182 0 20
----------
ADL
49979072 23247680 47104 121856 -3656 -1024 182 0 20
----------
ABDL
49979072 23247680 47104 121856 -3656 -1024 182 0 20
----------
DL
49979072 23247680 47104 121856 -3656 -1024 182 0 20
----------
U
49979072 23247680 47104 121856 -3656 -1024 182 0 20
----------
ABDL
49979072 23247680 47104 121856 -3656 -1024 182 0 20
----------

49979072 23247680 47104 121856 -3656 -1024 182 0 20
----------

49979072 23247680 47104 121856 -3656 -1024 182 0 20
----------
AU
49979072 23247680 47104 121856 -3656 -1024 182 0 20
----------

49979072 23247680 47104 121856 -3656 -1024 182 0 20
----------
ADL
49979072 23247680 47104 121856 -3656 -1024 182 0 20
----------

49979072 23247680 47104 121856 -3656 -1024 182 0 20
----------
U
49979072 23247680 47104 121856 -3656 -1024 182 0 20
----------

49979072 23247680 47104 121856 -3656 -1024 182 0 20
----------
ABDL
49979072 23247680 47104 121856 -3656 -1024 182 0 20
----------
L
49979072 23247680 47104 121856 -3656 -1024 182 0 20
----------

49979072 23247680 47104 121856 -3656 -1024 182 0 20
----------
UR
49979072 23247680 47104 121856 -3656 -1024 182 0 20
----------
U
49979072 23247680 47104 121856 -3656 -1024 182 0 20
----------
ABDL
49979072 23247680 47104 121856 -3656 -1024 182 0 20
----------
R
49979072 23247680 47104 121856 -3656 -1024 182 0 20
----------
AL
49979072 23247680 47104 121856 -3656 -1024 182 0 20
----------
L
49979072 23247680 47104 121856 -3656 -1024 182 0 20
----------

49979072 23247680 47104 121856 -3656 -1024 182 0 20
----------

49979072 23247680 47104 121856 -3656 -1024 182 0 20
----------
U
49979072 23247680 47104 121856 -3656 -1024 182 0 20
----------
ADL
49979072 23247680 47104 121856 -3656 -1024 182 0 20
----------

49979072 23247680 47104 121856 -3656 -1024 182 0 20
----------
R
49979072 23247680 47104 121856 -3656 -1024 182 0 20
----------
AL
49979072 23247680 47104 121856 -3656 -1024 182 0 20
----------

49979072 23247680 47104 121856 -3656 -1024 182 0 20
----------
L
49979072 23247680 47104 121856 -3656 -1024 182 0 20
----------
DR
49979072 23247680 47104 121856 -3656 -1024 182 0 20
----------
ABL
49979072 23247680 47104 121856 -3656 -1024 182 0 20
----------
R
49979072 23247680 47104 121856 -3656 -1024 182 0 20
----------
AL
49979072 23247680 47104 121856 -3656 -1024 182 0 20
----------
L
49979072 23247680 47104 121856 -3656 -1024 182 0 20
----------

49979072 23247680 47104 121856 -3656 -1024 182 0 20
----------
DL
49979072 23247680 47104 121856 -3656 -1024 182 0 20
----------

49979072 23247680 47104 121856 -3656 -1024 182 0 20
----------
L
49979072 23247680 47104 121856 -3656 -1024 182 0 20
----------

49979072 23247680 47104 121856 -3656 -1024 182 0 20
----------
DR
49979072 23247680 47104 121856 -3656 -1024 182 0 20
----------
ABL
49979072 23247680 47104 121856 -3656 -1024 182 0 20
----------

49979072 23247680 47104 121856 -3656 -1024 182 0 20
----------
U
49979072 23247680 47104 121856 -3656 -1024 182 0 20
----------
ABDL
49979072 23247680 47104 121856 -3656 -1024 182 0 20
----------
AR
49979072 23247680 47104 121856 -3656 -1024 182 0 20
----------
ABL
49979072 23247680 47104 121856 -3656 -1024 182 0 20
----------

49979072 23247680 47104 121856 -3656 -1024 182 0 20
----------
L
49979072 23247680 47104 121856 -3656 -1024 182 0 20
----------
DL
49979072 23247680 47104 121856 -3656 -1024 182 0 20
----------
U
49979072 23247680 47104 121856 -3656 -1024 182 0 20
----------
ABDL
49979072 23247680 47104 121856 -3656 -1024 182 0 20
----------

49979072 23247680 47104 121856 -3656 -1024 182 0 20
----------
L
49979072 23247680 47104 121856 -3656 -1024 182 0 20
----------
ABL
49979072 23247680 47104 121856 -3656 -1024 182 0 20
----------
ABL
49979072 23247680 47104 121856 -3656 -1024 182 0 20
----------
ABL
49979072 23247680 47104 121856 -3656 -1024 182 0 20
----------
ABL
49979072 23247680 47104 121856 -3656 -1024 182 0 20
----------
ABL
49979072 23247680 47104 121856 -3656 -1024 182 0 20
----------
ABL
49979072 23247680 47104 121856 -3656 -1024 182 0 20
----------
ABL
49979072 23247680 47104 121856 -3656 -1024 182 0 20
----------
ABL
49979072 23247680 47104 121856 -3656 -1024 182 0 20
----------
ABL
49979072 23247680 47104 121856 -3656 -1024 182 0 20
----------
ABL
49979072 23247680 47104 121856 -3656 -1024 182 0 20
----------
ABL
49979072 23247680 47104 121856 -3656 -1024 182 0 20
----------
ABL
49979072 23247680 47104 121856 -3656 -1024 182 0 20
----------
ABL
49979072 23247680 47104 121856 -3656 -1024 182 0 20
----------
ABL
49979072 23247680 47104 121856 -3656 -1024 182 0 20
----------
ABL
49979072 23247680 47104 121856 -3656 -1024 182 0 20
----------
ABL
49979072 23247680 47104 121856 -3656 -1024 182 0 20
----------
ABL
49979072 23247680 47104 121856 -3656 -1024 182 0 20
----------
ABL
49979072 23247680 47104 121856 -3656 -1024 182 0 20
----------
ABL
49979072 23247680 47104 121856 -3656 -1024 182 0 20
----------
ABL
49979072 23247680 47104 121856 -3656 -1024 182 0 20
----------
ABL
49979072 23247680 47104 121856 -3656 -1024 182 0 20
----------
ABL
49979072 23247680 47104 121856 -3656 -1024 182 0 20
----------
ABL
49979072 23247680 47104 121856 -3656 -1024 182 0 20
----------
ABL
49979072 23247680 47104 121856 -3656 -1024 182 0 20
----------
ABL
49979072 23247680 47104 121856 -3656 -1024 182 0 20
----------
ABL
49979072 23247680 47104 121856 -3656 -1024 182 0 20
----------
ABL
49979072 23247680 47104 121856 -3656 -1024 182 0 20
----------
ABL
49979072 23247680 47104 121856 -3656 -1024 182 0 20
----------
L
49979072 23247680 47104 121856 -3656 -1024 182 0 20
----------
