128 128
226 0 225 225 225 0 225 233 0 0 0 0 0 0 0 0 0 0 0 0 0 0 0 0 0 0 0 0 0 0 0 0 0 0 0 0 0 0 0 0 0 0 0 0 0 0 0 0 0 0 0 0 0 0 0 0 0 0 0 0 0 0 0 0 0 0 0 0 0 0 0 0 0 0 0 0 0 0 0 0 0 0 0 0 0 0 0 0 0 0 0 0 0 0 0 0 0 0 0 0 0 0 0 0 0 0 0 0 0 0 0 0 0 0 0 0 0 0 0 0 0 0 0 0 0 0 0 0 
0 0 0 0 0 0 0 0 0 0 0 0 0 0 0 0 0 0 0 0 0 0 0 0 0 0 0 0 0 0 0 0 0 0 0 0 0 0 0 0 0 0 0 0 0 0 0 0 0 0 0 0 0 0 0 0 0 0 0 0 0 0 0 0 0 0 0 0 0 0 0 0 0 0 0 0 0 0 0 0 0 0 0 0 0 0 0 0 0 0 0 0 0 0 0 0 0 0 0 0 0 0 0 0 0 0 0 0 0 0 0 0 0 0 0 0 0 0 0 0 0 0 0 0 0 0 0 0 
0 0 0 0 0 0 0 0 0 0 0 0 0 0 0 0 0 0 0 0 0 0 0 0 0 0 0 0 0 0 0 0 0 0 0 0 0 0 0 0 0 0 0 0 0 0 0 0 0 0 0 0 0 0 0 0 0 0 0 0 0 0 0 0 0 0 0 0 0 0 0 0 0 0 0 0 0 0 0 0 0 0 0 0 0 0 0 0 0 0 0 0 0 0 0 0 0 0 0 0 0 0 0 0 0 0 0 0 0 0 0 0 0 0 0 0 0 0 0 0 0 0 0 0 0 0 0 0 
0 0 0 0 0 0 0 0 0 0 0 0 0 0 0 0 0 0 0 0 0 0 0 0 0 0 0 0 0 0 0 0 0 0 0 0 0 0 0 0 0 0 0 0 0 0 0 0 0 0 0 0 0 0 0 0 0 0 0 0 0 0 0 0 0 0 0 0 0 0 0 0 0 0 0 0 0 0 0 0 0 0 0 0 0 0 0 0 0 0 0 0 0 0 0 0 0 0 0 0 0 0 0 0 0 0 0 0 0 0 0 0 0 0 0 0 0 0 0 0 0 0 0 0 0 0 0 0 
0 0 0 0 0 0 0 0 0 0 0 0 0 0 0 0 0 0 0 0 0 0 0 0 0 0 0 0 0 0 0 0 0 0 0 0 0 0 0 0 0 0 0 0 0 0 0 0 0 0 0 0 0 0 0 0 0 0 0 0 0 0 0 0 0 0 0 0 0 0 0 0 0 0 0 0 0 0 0 0 0 0 0 0 0 0 0 0 0 0 0 0 0 0 0 0 0 0 0 0 0 0 0 0 0 0 0 0 0 0 0 0 0 0 0 0 0 0 0 0 0 0 0 0 0 0 0 0 
0 0 0 0 0 0 0 0 0 0 0 0 0 0 0 0 0 0 0 0 0 0 0 0 0 0 0 0 0 0 0 0 0 0 0 0 0 0 0 0 0 0 0 0 0 0 0 0 0 0 0 0 0 0 0 0 0 0 0 0 0 0 0 0 0 0 0 0 0 0 0 0 0 0 0 0 0 0 0 0 0 0 0 0 0 0 0 0 0 0 0 0 0 0 0 0 0 0 0 0 0 0 0 0 0 0 0 0 0 0 0 0 0 0 0 0 0 0 0 0 0 0 0 0 0 0 0 0 
0 0 0 0 0 0 0 0 0 0 0 0 0 0 0 0 0 0 0 0 0 0 0 0 0 0 0 0 0 0 0 0 0 0 0 0 0 0 0 0 0 0 0 0 0 0 0 0 0 0 0 0 0 0 0 0 0 0 0 0 0 0 0 0 0 0 0 0 0 0 0 0 0 0 0 0 0 0 0 0 0 0 0 0 0 0 0 0 0 0 0 0 0 0 0 0 0 0 0 0 0 0 0 0 0 0 0 0 0 0 0 0 0 0 0 0 0 0 0 0 0 0 0 0 0 0 0 0 
0 0 0 0 0 0 0 0 0 0 0 0 0 0 0 0 0 0 0 0 0 0 0 0 0 0 0 0 0 0 0 0 0 0 0 0 0 0 0 0 0 0 0 0 0 0 0 0 0 0 0 0 0 1024 1024 1024 1024 1024 1024 1024 1024 1024 1024 0 0 0 0 0 0 0 0 0 0 0 0 0 0 0 0 0 0 0 0 0 0 0 0 0 0 0 0 0 0 0 0 0 0 0 0 0 0 0 0 0 0 0 0 0 0 0 0 0 0 0 0 0 0 0 0 0 0 0 0 0 0 0 0 0 
0 0 0 0 0 0 0 0 0 0 0 0 0 0 0 0 0 0 0 0 0 0 0 0 0 0 0 0 0 0 0 0 0 0 0 0 0 0 0 0 0 0 0 0 0 0 0 0 0 0 0 0 0 0 0 0 0 0 1024 1024 1024 1024 1024 1024 0 0 0 0 0 0 0 0 0 0 0 0 0 0 0 0 0 0 0 0 0 0 0 0 0 0 0 0 0 0 0 0 0 0 0 0 0 0 0 0 0 0 0 0 0 0 0 0 0 0 0 0 0 0 0 0 0 0 0 0 0 0 0 0 
0 0 0 0 0 0 0 0 0 0 0 0 0 0 0 0 0 0 0 0 0 0 0 0 0 0 0 0 0 0 0 0 0 0 0 0 0 0 0 0 0 0 0 0 0 0 0 0 0 0 0 0 0 0 0 0 0 0 0 0 0 0 0 0 0 0 0 0 0 0 0 0 0 0 0 0 0 0 0 0 0 0 0 0 0 0 0 0 0 0 0 0 0 0 0 0 0 0 0 0 0 0 0 0 0 0 0 0 0 0 0 0 0 0 0 0 0 0 0 0 0 0 0 0 0 0 0 0 
0 0 0 0 0 0 0 0 0 0 0 0 0 0 0 0 0 0 0 0 0 0 0 0 0 0 0 0 0 0 0 0 0 0 0 0 0 0 0 0 0 0 0 0 0 0 0 0 0 0 0 0 0 0 0 0 0 0 0 0 0 0 0 0 0 0 0 0 0 0 0 0 1024 1024 1024 1024 1024 1024 1024 1024 0 0 0 0 3126 1139 1138 1024 1024 0 0 1024 1024 1024 1024 1024 1024 1024 1024 1024 1024 0 1024 1024 1024 1024 1024 1024 1024 0 0 0 0 0 0 0 0 0 0 0 0 0 0 0 0 0 0 0 
0 0 0 0 0 0 0 0 0 0 0 0 0 0 0 0 0 0 0 0 0 0 0 0 0 0 0 0 0 0 0 0 0 0 0 0 0 0 0 0 0 0 0 0 0 0 0 0 0 0 0 0 0 0 0 0 0 0 0 0 0 0 0 0 1024 1024 1024 1024 1024 1024 1024 1024 1024 1024 1024 1024 1024 1024 1024 1024 0 0 0 29 3133 2162 2163 1139 1138 1024 0 0 0 0 1024 1024 1024 1024 1024 1024 1024 0 1024 1024 1024 1024 1024 1024 1024 0 0 0 0 0 0 0 0 0 0 0 0 0 0 0 0 0 0 0 
0 0 0 0 0 0 0 0 0 0 0 0 0 0 0 0 0 0 0 0 0 0 0 0 0 0 0 0 0 0 0 0 0 0 0 0 0 0 0 0 0 0 0 0 0 0 0 0 0 0 0 0 0 0 0 0 0 0 0 0 0 0 0 0 1024 1024 1024 1024 1024 1024 1024 1024 1024 1024 1024 1024 1024 1024 1024 1024 0 0 0 61 3101 1024 1024 2162 2163 1139 1138 0 1024 1024 1024 11 1027 1027 2051 2051 2051 2051 1027 1027 1027 1027 2051 2051 2051 1035 1024 1024 1024 1024 1024 1024 1024 0 0 0 0 0 0 0 0 0 0 0 
0 0 0 0 0 0 0 0 0 0 0 0 0 0 0 0 0 0 0 0 0 0 0 0 0 0 0 0 0 0 0 0 0 0 0 0 0 0 0 0 0 0 0 0 0 0 0 0 0 0 0 0 0 0 0 0 0 0 0 0 0 0 0 0 1024 1024 1024 1024 1024 1024 1024 1024 1024 1024 1024 1024 1024 1024 1024 1024 0 0 29 3133 0 0 0 0 1024 2162 3137 0 1024 1024 11 3083 1024 1024 1024 1024 1024 1024 1024 1024 1024 1024 1024 1024 1024 2059 1035 1024 1024 1024 1024 1024 1024 0 0 0 0 0 0 0 0 0 0 0 
0 0 0 0 0 0 0 0 0 0 0 0 0 0 0 0 0 0 0 0 0 0 0 0 0 0 0 0 0 0 0 0 0 0 0 0 0 0 0 0 0 0 0 0 0 0 0 0 0 0 0 0 0 0 0 0 0 0 0 0 0 0 0 0 1024 1024 1024 1024 1024 1024 1024 1024 1024 1024 11 3 3 1027 1027 1035 0 0 61 3101 0 0 0 0 0 29 3133 1024 11 1027 3083 1024 1024 1024 1024 1024 1024 1024 1024 1024 1024 1024 1024 1024 1024 3072 2059 1035 1024 1024 1024 1024 1024 0 0 0 0 0 0 0 0 0 0 0 
0 0 0 0 0 0 0 0 0 0 0 0 0 0 0 0 0 0 0 0 0 0 0 0 0 0 0 0 0 0 0 0 0 0 0 0 0 0 0 0 0 0 0 0 0 0 0 0 0 0 0 0 0 0 0 0 0 0 0 0 0 0 0 0 1024 1024 1024 1024 1024 1024 1024 1024 1024 1024 3105 2296 2048 2296 0 3105 1024 29 3133 0 0 1024 1024 3072 0 61 3101 0 33 249 1024 1024 0 1024 0 0 0 0 0 1024 1024 1024 1024 1024 1024 2048 1024 2059 1035 1024 1024 1024 1024 0 0 0 0 0 0 0 0 0 0 0 
0 0 0 0 0 0 0 0 0 0 0 0 0 0 0 0 0 0 0 0 0 0 0 0 0 0 0 0 0 0 0 0 0 0 0 0 0 0 0 0 0 0 0 0 0 0 0 0 0 0 0 0 0 0 0 0 0 0 0 0 0 0 0 0 1024 1024 0 0 0 0 0 0 114 115 3083 0 0 0 0 2059 3 51 3101 0 0 1024 1024 3072 29 3133 0 0 33 1024 1024 1024 0 1024 0 0 0 0 0 1024 1024 1024 1024 1024 1024 1024 1024 1024 2059 1035 1024 1024 1024 1024 1024 1024 1024 0 0 0 0 0 0 0 
0 0 0 0 0 0 0 0 0 0 0 0 0 0 0 0 0 0 0 0 0 0 0 0 0 0 0 0 0 0 0 0 0 0 0 0 0 0 0 0 0 0 0 0 0 0 0 0 0 0 0 0 0 0 0 0 0 0 1024 1024 1024 1024 1024 1024 1024 1024 0 0 0 0 114 115 3187 3186 1024 0 0 0 0 1024 1024 2048 2048 0 0 1024 1024 1024 61 3101 0 0 1057 249 1024 1024 0 1024 0 192 196 1216 0 1024 1024 1024 0 1024 1024 1024 1024 1024 3072 2059 1035 1024 1024 1024 1024 1024 1024 0 0 0 0 0 0 0 
0 0 0 0 0 0 0 0 0 0 0 0 0 0 0 0 0 0 0 0 0 0 0 0 0 0 0 0 0 0 0 0 0 0 0 0 0 0 0 0 0 0 0 0 0 0 0 0 0 0 0 0 0 0 0 0 0 0 1024 1024 1024 1024 1024 1024 1024 1024 0 0 3072 11 3187 3186 2048 0 1024 1024 1024 1024 1024 1024 1024 1024 1024 1024 0 1024 1024 1024 33 2048 0 1024 1057 3072 1024 1024 1024 1024 1024 1224 203 200 0 0 1024 1024 1024 1024 1024 1024 1024 1024 2048 1024 2059 1035 1024 1024 1024 1024 1024 0 0 0 0 0 0 0 
0 0 0 0 0 0 0 0 0 0 0 0 0 0 0 0 0 0 0 0 0 0 0 0 0 0 0 0 0 0 0 0 0 0 0 0 0 0 0 0 0 0 0 0 0 0 0 0 0 0 0 0 0 0 0 0 0 0 1024 1024 1024 1024 1024 1024 1024 1024 2048 3072 11 3083 2048 2048 0 0 1024 1024 1024 1024 1024 1024 1024 1024 1024 1024 1024 1024 1024 3072 2081 0 0 1024 2059 1027 1035 1024 1024 1024 0 2240 2244 3264 0 1024 1024 1024 1024 1024 1024 1024 0 0 0 0 3072 2059 1035 1024 1024 1024 0 0 0 0 0 0 0 0 
0 0 0 0 0 0 0 0 0 0 0 0 0 0 0 0 0 0 0 0 0 0 0 0 0 0 0 0 0 0 0 0 0 0 0 0 0 0 0 0 0 0 0 0 0 0 0 0 0 0 0 0 0 0 0 0 0 0 1024 1024 1024 1024 1024 1024 1024 1024 3072 29 3133 2048 2048 0 2048 0 0 0 0 0 1024 1024 1024 1024 1024 1024 1024 1024 1024 1024 2059 1035 1024 1024 1024 1024 2081 1024 1024 1024 0 0 0 0 0 1024 1024 1024 1024 1024 1024 1024 0 0 0 0 2048 1024 2059 1035 1024 1024 0 0 0 0 0 0 0 0 
0 0 0 0 0 0 0 0 0 0 0 0 0 0 0 0 0 0 0 0 0 0 0 0 0 0 0 0 0 0 0 0 0 0 0 0 0 0 0 0 0 0 0 0 0 0 0 0 0 0 0 0 0 0 0 0 0 0 1024 1024 1024 1024 1024 1024 1024 1024 0 61 3101 2048 0 0 2048 1024 3072 0 1024 1024 1024 1024 1024 1024 1024 1024 1024 1024 1024 1024 2048 2059 2051 2051 2051 2051 3083 1024 1024 1024 1024 0 0 0 0 0 1024 1024 11 2051 1035 1024 1024 0 0 0 1024 1024 3072 2059 1035 1024 0 0 0 0 0 0 0 0 
0 0 0 0 0 0 0 0 0 0 0 0 0 0 0 0 0 0 0 0 0 0 0 0 0 0 0 0 0 0 0 0 0 0 0 0 0 0 0 0 0 0 0 0 0 0 0 0 0 0 0 0 0 0 0 0 0 0 1024 1024 1024 1024 1024 1024 1024 1024 29 3133 0 0 0 0 0 3072 1024 0 1024 1024 114 115 3075 2099 1053 2048 2048 1024 2048 1024 1024 1024 0 0 1024 1024 1024 1024 1024 1024 1024 1024 1024 1024 0 1024 1024 11 3083 1024 1127 1126 1024 1024 1024 1024 1024 1024 2048 2048 1057 1024 0 0 0 0 0 0 0 0 
0 0 0 0 0 0 0 0 0 0 0 0 0 0 0 0 0 0 0 0 0 0 0 0 0 0 0 0 0 0 0 0 0 0 0 0 0 0 0 0 0 0 0 0 0 0 0 0 0 0 0 0 0 0 0 0 0 0 1024 1024 1024 1024 1024 1024 1024 1024 61 3101 0 0 1024 0 0 1024 3072 3072 114 115 3187 3186 1024 2077 1085 1024 1024 1024 2048 1024 1024 1024 1024 1024 1024 1024 1024 1024 1024 1024 1024 1024 1024 1024 1024 1024 11 3083 1024 1024 3175 3174 1024 1024 1024 1024 1024 1024 1024 1024 1057 1024 0 0 0 0 0 0 0 0 
0 0 0 0 0 0 0 0 0 0 0 0 0 0 0 0 0 0 0 0 0 0 0 0 0 0 0 0 0 0 0 0 0 0 0 0 0 0 0 0 0 0 0 0 0 0 0 0 0 0 0 0 0 0 0 0 0 0 1024 1024 1024 1024 1024 1024 1024 1024 1057 3072 3072 3072 3072 0 3072 3072 3072 11 3187 3186 1024 0 1024 1024 2059 1035 1024 1024 0 0 0 0 0 0 0 0 1024 1024 1024 1024 1024 1024 1024 1024 1024 11 3083 1024 1024 11 3083 1024 1024 1024 1024 1024 1024 1024 1024 1024 1057 1024 0 0 0 0 0 0 0 0 
0 0 0 0 0 0 0 0 0 11 3 3 3 3 3 3 3 2051 3075 2051 3075 3 1139 1138 0 0 0 0 0 0 0 0 0 0 0 0 0 0 0 0 0 0 0 0 0 0 0 0 0 0 0 0 0 0 0 0 0 0 1024 1024 1024 1024 1024 1024 1024 1024 3105 3072 1024 3072 3072 0 3072 1024 29 3133 1024 1024 1024 0 1024 1024 0 2059 1035 0 0 0 0 0 0 1024 0 0 1024 1024 1024 1024 1024 1024 1024 1024 11 3083 1024 1024 11 3083 1024 1024 1024 1024 1024 1024 1024 1024 1024 1024 1057 1024 0 0 0 0 0 0 0 0 
0 0 0 2048 2048 0 0 2048 2048 33 253 253 253 253 253 253 253 253 253 253 253 253 2162 2163 2051 3 2051 3 2051 3 1027 1139 1138 0 0 0 0 0 0 0 0 0 0 0 0 0 0 0 0 0 0 0 0 0 0 0 0 0 1024 1024 1024 1024 1024 1024 1024 1024 3105 3072 3072 3072 3072 0 3072 3072 61 3101 1024 1024 3072 2048 1024 1024 0 1024 2059 1035 0 0 0 0 0 1024 0 0 1024 1024 1024 1024 1024 1024 1024 11 3083 1024 1024 11 3083 1024 0 0 1024 1024 0 0 1024 0 1024 1024 3105 1024 0 0 0 0 0 0 0 0 
2048 0 0 2048 2048 0 0 2048 2048 33 253 253 253 253 253 253 253 253 253 253 253 253 0 0 0 0 0 0 0 0 0 2162 2163 1139 1138 0 0 0 0 0 0 0 0 0 0 0 0 0 0 0 0 0 0 0 0 0 0 0 1024 1024 1024 1024 1024 1024 1024 1024 1057 3072 3072 3072 3072 0 3072 3072 1057 3072 3072 3072 3072 2048 1024 1024 0 1024 1024 2059 1139 1138 0 1024 1024 0 1024 0 1024 0 1024 0 1024 114 115 3083 1024 1024 11 3083 1024 1024 3072 0 1024 0 192 1216 1024 0 1024 1024 3105 1024 0 0 0 0 0 0 0 0 
2048 0 0 0 0 0 0 0 0 33 253 253 253 253 253 253 253 253 253 253 253 253 0 0 0 0 0 0 0 0 0 0 0 2162 2163 1139 1138 0 0 0 0 0 0 0 0 0 0 0 0 0 0 0 0 0 0 0 0 0 1024 1024 1024 1024 1024 1024 1024 1024 3105 3072 3072 3072 3072 0 3072 3072 1057 3072 3072 3072 3072 2048 1024 1024 0 1024 1024 0 2162 2163 3075 3075 3075 3075 2051 3075 2051 2051 2051 2051 2051 3187 3186 1024 1024 0 1057 0 1024 1024 1024 1024 1024 2048 2240 3264 1024 0 1024 1024 3105 1024 0 0 0 0 0 0 0 0 
2048 0 0 0 0 0 0 0 0 3105 253 253 253 253 253 253 253 253 253 253 253 253 0 0 0 0 0 0 0 0 0 0 0 0 0 2162 2163 1035 0 0 0 0 0 0 0 0 0 0 0 0 0 0 0 0 0 0 0 0 1024 1024 1024 1024 1024 1024 1024 1024 1057 3072 3072 3072 3072 0 3072 3072 2109 1053 3072 3072 3072 2048 1024 1024 1024 1024 1024 0 0 0 0 0 0 0 1024 0 1024 1024 1024 1024 1024 1024 1024 1024 1024 0 1057 0 1024 1024 1024 1024 0 1024 1024 1024 1024 0 1024 1024 3105 1024 0 0 0 0 0 0 0 0 
2048 0 0 0 0 0 0 0 0 3105 253 253 253 253 253 253 253 253 253 253 253 253 0 0 0 0 0 0 0 0 0 0 0 0 0 0 0 2059 1035 0 0 0 0 0 0 0 0 0 0 0 0 0 0 0 0 0 0 0 1024 1024 1024 1024 1024 1024 1024 1024 1057 3072 3072 3072 3072 0 3072 1024 2077 1085 3072 3072 3072 2048 0 0 114 115 2051 1027 1027 1027 1027 2051 2051 2051 1027 2051 2051 2051 1035 1024 1024 1024 1024 1024 1024 0 1057 0 1024 0 1024 1024 0 0 0 1024 1024 1024 1024 1024 3105 1024 0 0 0 0 0 0 0 0 
2048 0 0 0 0 0 0 0 0 3105 253 253 253 253 253 251 253 253 253 253 253 253 0 0 192 196 196 196 196 196 1216 0 0 0 0 0 0 0 2059 1035 0 0 0 0 0 0 0 0 0 0 0 0 0 0 0 0 0 0 1024 1024 1024 1024 1024 1024 1024 1024 33 2048 2048 2048 3072 0 2048 3072 1024 2059 1139 1138 3072 3072 114 115 3187 3186 254 254 254 254 254 254 254 254 254 254 254 254 33 2048 1024 3072 3072 1024 1024 0 1057 0 1024 1024 1024 1024 1024 1024 1024 1024 1024 1024 1024 1024 3105 1024 0 0 0 0 0 0 0 0 
2048 0 0 0 0 0 0 0 0 33 253 253 253 253 253 253 253 253 253 253 253 253 0 0 2240 2244 2244 2244 2244 2244 3264 0 0 0 0 0 0 0 0 2059 1035 0 0 0 0 0 0 0 0 0 0 0 0 0 0 0 0 0 1024 1024 1024 1024 1024 1024 1024 1024 2109 1053 2048 2048 3072 0 2048 1024 1024 1024 2162 2163 2051 1027 3187 3186 2048 0 254 254 254 254 254 254 254 254 254 254 254 254 33 0 1024 1024 1024 1024 1024 0 1057 0 1024 1024 1024 1024 0 0 0 1024 1024 3072 1024 1024 3105 1024 0 0 0 0 0 0 0 0 
0 0 0 0 0 0 0 0 0 33 253 253 253 253 253 253 253 253 253 253 253 253 0 0 0 0 0 0 0 0 0 0 0 0 0 0 0 0 0 0 2109 1053 0 0 0 0 0 0 0 0 0 11 3 2051 2051 2051 2051 2051 1035 0 1024 1024 1024 1024 1024 1024 2077 1085 2048 2048 2048 0 0 0 0 0 1024 1024 1024 1024 1024 1024 1024 1024 254 254 254 254 254 254 254 254 254 254 254 254 33 0 1024 1024 1024 1024 1024 0 1057 0 1024 0 0 0 1024 11 3 1035 248 0 248 1024 33 1024 0 0 0 0 0 0 0 0 
0 0 0 0 0 0 0 0 0 33 253 253 253 253 253 253 253 253 253 253 253 253 0 0 0 0 0 0 0 0 0 0 0 0 0 0 0 0 0 0 2077 1085 0 0 0 0 0 0 0 0 0 3105 2296 2048 2296 0 2296 0 3105 0 1024 1024 1024 1024 1024 1024 2048 2109 1053 0 0 0 2048 3072 3072 1024 1024 1024 1024 1024 1024 1024 1024 1024 254 254 254 254 254 254 254 254 254 254 254 254 33 2048 1024 1024 1024 1024 1024 0 1057 0 1024 0 3072 1024 1024 1057 1024 1057 2048 3072 3072 0 1057 0 1024 0 0 0 0 0 0 0 
0 0 0 0 0 0 0 0 0 3105 253 253 253 253 253 253 253 253 253 253 253 253 0 0 0 0 0 0 0 0 0 0 0 0 0 0 0 0 0 0 0 2109 1053 0 0 0 11 1027 1027 1027 3075 3083 0 0 0 0 0 0 2059 1035 1024 1024 1024 1024 1024 1024 1024 2077 1085 0 0 0 0 2048 2048 1024 1024 1024 1024 1024 1024 1024 1024 1024 254 254 254 254 254 254 254 254 254 254 254 254 33 0 1024 1024 1024 3072 1024 0 1057 0 1024 0 3072 1024 1024 1057 1024 2059 2051 2051 3075 3075 3083 1024 1024 0 0 0 0 0 0 0 
0 0 0 0 0 0 0 0 0 3105 253 253 253 253 253 253 253 253 253 253 253 253 2048 2048 0 0 0 0 0 0 0 0 0 0 0 0 0 0 0 0 0 2077 1085 0 0 0 1057 0 0 0 0 0 0 0 0 0 0 0 0 1057 1024 1024 1024 1024 1024 1024 1024 1024 2059 1035 0 0 2048 2048 1024 1024 1024 1024 1024 1024 1024 1024 1024 1024 254 254 254 254 254 255 254 254 254 254 254 254 33 0 1024 1024 1024 3072 1024 0 1057 0 1024 0 3072 1024 1024 1057 1024 0 0 0 0 0 0 0 0 0 0 0 0 0 0 0 
0 0 0 0 0 0 0 0 0 3105 253 253 253 253 253 253 253 253 253 253 253 253 114 115 2051 3 2051 3 2051 1139 1138 0 0 0 0 0 0 0 0 0 0 2048 2109 1053 0 0 1057 0 0 0 0 0 0 0 0 0 0 0 0 1057 1024 1024 1024 1024 1024 1024 0 2048 1024 2059 1139 1138 0 2048 1024 1024 1024 1024 1024 1024 1024 1024 1024 1024 254 254 254 254 254 254 254 254 254 254 254 254 33 2048 1024 1024 1024 3072 1024 0 1057 0 1024 0 3072 1024 1024 1057 1024 0 0 0 0 0 0 0 0 0 0 0 0 0 0 0 
0 0 0 0 0 0 0 0 0 2059 3 3 3 3 3 3 3 2051 3075 2051 3075 3 3187 3186 0 0 0 0 0 2162 2163 1139 1138 0 0 0 0 0 0 0 0 2048 2077 1085 0 0 1057 0 0 0 0 0 0 0 0 0 0 0 0 1057 0 0 0 1024 1024 1024 2048 2048 2048 2048 2162 2163 1139 1138 3072 3072 3072 3072 1024 1024 1024 1024 1024 1024 254 254 254 254 254 254 254 254 254 254 254 254 33 1024 1024 1024 1024 1024 1024 0 1057 0 1024 0 3072 1024 1024 1057 1024 1024 1024 1024 1024 1024 1024 1024 1024 0 0 0 0 0 0 0 
0 0 0 0 0 0 0 0 0 0 0 0 0 0 0 0 0 0 0 0 0 0 2048 2048 0 0 0 0 0 0 0 2162 2163 1035 0 0 0 0 0 0 0 2048 2048 3105 0 0 3105 0 0 0 0 0 0 0 0 0 0 0 0 3105 0 0 0 1024 1024 1024 2048 1024 1024 1024 2048 2048 2162 2163 1139 1138 3072 3072 3072 3072 1024 1024 1024 1024 254 254 254 254 254 254 254 254 254 254 254 254 33 1024 1024 1024 1024 1024 1024 0 1057 0 1024 0 3072 1024 1024 2059 1027 1027 1027 3075 1035 1024 1024 1024 1024 0 0 0 0 0 0 0 
0 0 0 0 0 0 0 0 0 0 0 0 0 0 0 0 0 0 0 0 0 0 0 2048 0 0 0 0 0 0 0 0 0 2059 1035 0 0 0 0 0 0 2048 2048 1057 0 0 3105 0 0 0 0 0 192 1220 1216 0 0 0 0 3105 0 0 0 1024 1024 1024 1024 1024 1024 1024 1024 1024 1024 1024 2162 2163 1139 1138 0 2048 1024 1024 1024 1024 254 254 254 254 254 254 254 254 254 254 254 254 33 1024 1024 1024 1024 1024 1024 0 1057 0 1024 1024 1024 1024 1024 1024 1024 1024 1024 1024 1057 1024 1024 1024 1024 0 0 0 0 0 0 0 
0 0 0 0 0 0 0 0 0 0 0 0 0 0 0 0 0 0 0 0 0 0 0 0 0 0 0 0 0 0 0 0 0 0 2109 1053 0 0 0 0 0 2048 2048 1057 0 0 1057 0 0 0 0 0 1224 203 200 0 0 0 0 1057 0 0 0 1024 1024 1024 1024 1024 1024 1024 1024 1024 1024 1024 1024 1024 2162 2163 1139 1138 0 2048 1024 1024 254 254 254 254 254 254 254 254 254 254 254 254 33 1024 1024 1024 1024 1024 1024 0 1057 0 1024 0 1024 1024 1024 3072 3072 3072 3072 3072 1057 1024 1024 1024 0 0 0 0 0 0 0 0 
0 0 0 0 0 0 0 0 0 0 0 0 0 0 0 0 0 0 0 0 0 0 0 0 0 0 0 0 0 0 0 0 0 0 38 47 0 0 0 0 0 2048 2048 1057 0 0 3105 0 0 0 0 0 2240 3268 3264 0 0 0 0 3105 0 0 0 1024 1024 1024 1024 1024 1024 1024 1024 1024 1024 1024 1024 1024 2048 2048 2162 2163 1139 1138 1024 1024 254 254 254 254 254 254 254 254 254 254 254 254 3105 1024 1024 1024 1024 1024 1024 0 1057 0 1024 1024 1024 1024 1024 3072 3072 3072 3072 3072 1057 1024 1024 1024 0 0 0 0 0 0 0 0 
0 0 0 0 0 0 0 0 0 0 0 0 0 0 0 0 0 0 0 0 0 0 0 0 2048 2048 0 2048 2048 2048 2048 2048 2048 2048 38 47 0 0 2048 2048 2048 0 0 1057 0 0 3105 0 0 0 0 0 0 0 0 0 0 0 0 3105 0 0 0 1024 1024 1024 1024 1024 1024 1024 1024 1024 1024 1024 1024 1024 1024 1024 1024 1024 2162 2163 2051 1027 1027 1027 1027 2051 2051 2051 1027 2051 2051 2051 2051 2051 3083 1024 1024 1024 1024 1024 1024 0 1057 0 1024 1024 1024 1024 1024 3072 3072 3072 3072 3072 3105 1024 1024 1024 0 0 0 0 0 0 0 0 
0 0 0 0 0 0 0 0 0 0 0 0 0 0 0 0 0 0 0 0 0 0 0 0 2048 2048 0 2048 2048 2048 2048 2048 2048 2048 38 47 0 0 2048 2048 2048 0 29 3133 0 0 2059 1035 3072 0 0 0 0 0 0 0 0 0 0 1057 0 0 0 1024 1024 1024 1024 1024 1024 1024 1024 1024 1024 1024 1024 1024 1024 1024 1024 1024 0 0 0 0 0 0 0 0 0 0 0 0 0 0 0 0 0 0 1024 1024 1024 1024 1024 0 1057 0 1024 0 1024 1024 1024 3072 3072 3072 3072 3072 3105 1024 0 1024 0 0 0 0 0 0 0 0 
0 0 0 0 0 0 0 0 0 0 0 0 0 0 0 2048 2048 3126 2051 2051 3 2051 2051 3 2051 2051 2099 1053 0 2048 2048 2048 2048 2048 61 3101 0 0 2048 2048 2048 0 61 3101 0 0 3072 2059 1035 3072 1024 0 0 0 0 0 0 0 0 3105 0 0 0 1024 1024 1024 1024 1024 1024 1024 1024 1024 1024 1024 1024 1024 1024 1024 1024 1024 0 0 0 0 0 0 0 0 0 0 0 0 0 0 0 0 0 0 1024 1024 1024 1024 1024 0 1057 0 1024 1024 1024 0 0 11 3075 3075 3075 1027 3083 0 2048 1024 2048 0 0 0 0 0 0 0 
0 0 0 0 0 0 0 0 0 0 0 0 0 0 0 0 29 3133 2048 2048 2048 2048 2048 2048 2048 2048 2077 1085 0 2048 2048 2048 2048 11 3083 2048 0 0 2048 2048 2048 29 3133 2048 0 0 0 0 2059 1035 1024 0 0 0 0 0 0 0 0 3105 0 0 0 0 1024 1024 1024 1024 1024 1024 1024 1024 1024 1024 1024 1024 1024 1024 1024 1024 0 0 0 0 0 0 0 0 0 0 0 0 0 0 0 0 0 0 1024 1024 1024 1024 1024 0 1057 0 1024 1024 1024 0 0 1057 0 0 0 0 0 0 2048 1024 2048 0 0 0 0 0 0 0 
0 0 0 0 0 0 0 0 11 3 2051 2051 2051 1035 0 0 61 3101 2048 2048 2048 2048 2048 2048 2048 2048 2048 2109 1053 2048 2048 114 115 3083 2048 2048 0 0 2048 2048 2048 61 3101 2048 0 0 0 0 0 1057 0 0 0 0 0 0 0 0 0 3105 0 0 0 0 0 0 0 0 0 0 0 0 0 1024 1024 0 0 1024 1024 1024 0 0 1024 1024 1024 1024 1024 0 0 1024 1024 0 1024 1024 1024 1024 1024 1024 1024 1024 1024 0 1024 0 1057 0 0 1024 1024 0 0 1057 0 0 0 0 0 0 2048 1024 2048 0 0 0 0 0 0 0 
0 0 0 0 0 0 0 0 3105 2296 2048 2296 0 3105 0 29 3133 2048 2048 2048 2048 2048 2048 2048 2048 2048 2048 2077 1085 114 115 3187 3186 2048 2048 2048 0 0 2048 2048 29 3133 2048 2048 0 0 0 0 0 3105 0 0 0 0 0 0 0 0 0 1057 0 0 0 0 0 0 0 0 0 114 115 1027 2051 2051 3 3 3075 2051 2051 1027 1027 3075 3075 2051 2051 2051 1027 1027 3075 3075 3 3075 3075 3 1139 1138 1024 1024 1024 1024 1024 0 11 2051 3083 0 0 1024 1024 0 0 1057 0 0 0 0 0 0 2048 0 0 0 0 0 0 0 0 0 
0 0 0 0 0 0 11 3 3083 0 0 0 0 2059 3 51 3101 2048 2048 2048 2048 2048 2048 2048 2048 2048 2048 0 1078 3187 3186 2048 2048 2048 2048 2048 0 0 2048 2048 61 3101 2048 2048 0 0 0 0 0 3105 0 0 0 0 0 0 2048 0 29 3133 0 0 2048 0 0 0 3072 114 115 3187 3186 0 1024 1024 1024 1024 0 1024 1024 0 0 0 0 1024 1024 1024 0 0 0 0 1024 0 0 1024 2162 2163 1139 1138 2048 0 1024 0 1057 249 0 0 0 0 0 0 1024 2059 1035 1024 1024 1024 1024 1024 0 0 0 0 0 0 0 0 0 0 
0 0 0 0 0 11 3083 0 0 0 0 0 0 0 0 2048 2048 2048 2048 2048 2048 192 196 1216 2048 2048 2048 2048 2048 2048 2048 2048 2048 2048 2048 2048 0 0 2048 11 3083 2048 2048 2048 0 0 0 0 29 3133 0 0 0 0 0 0 2048 0 61 3101 0 0 2048 0 0 3072 11 3187 3186 0 0 0 0 1024 1024 1024 1024 0 0 0 0 0 0 3072 3072 0 0 1024 0 0 0 0 1024 1024 1024 1024 2162 2163 1035 2048 0 0 1057 0 0 0 0 0 0 0 1024 3072 2059 1027 2051 2051 1027 1035 0 0 0 0 0 0 0 0 0 0 
0 0 0 0 0 3105 0 0 0 0 0 0 0 0 0 2048 2048 2048 2048 2048 2048 2240 2244 3264 2048 2048 2048 2048 2048 0 0 2048 2048 2048 2048 2048 2048 2048 11 3083 2048 0 0 0 0 0 2048 0 61 3101 0 0 0 0 0 0 2048 29 3133 0 0 0 2048 2048 3072 11 3083 2048 2048 0 2048 0 0 0 0 0 0 0 0 0 0 0 1024 3072 3072 1024 1024 1024 1024 1024 1024 1024 1024 1024 1024 1024 3072 3072 2059 1035 2048 0 2081 249 0 0 0 0 0 0 0 0 0 0 0 0 0 1057 0 0 0 0 0 0 0 0 0 0 
0 0 0 0 0 3105 0 0 0 0 0 0 0 0 0 2048 2048 2048 2048 2048 2048 2048 2048 2048 2048 2048 2048 2048 2048 0 2048 2048 2048 2048 2048 2048 2048 11 3083 0 0 0 0 0 0 0 2048 29 3133 0 0 0 0 0 0 0 0 61 3101 0 0 0 2048 0 29 3133 0 2048 2048 0 2048 2048 0 0 0 0 0 0 0 0 0 0 1024 3072 3072 0 0 1024 1024 1024 1024 1024 1024 3072 3072 1024 1024 3072 1024 2109 1053 0 2081 0 0 0 0 0 0 0 0 0 0 0 0 0 0 3105 0 0 0 0 0 0 0 0 0 0 
0 0 0 0 0 3105 0 0 0 0 0 0 0 0 0 2048 2048 2048 2048 2048 2048 2048 2048 2048 2048 2048 2048 2048 2048 0 0 2048 2048 2048 2048 114 115 3083 2048 0 0 0 0 0 0 0 0 61 3101 0 0 0 0 0 2048 0 29 3133 2048 0 0 0 2048 0 61 3101 0 2048 0 0 3072 3072 0 1024 1024 1024 1024 1024 2048 0 0 0 1024 3072 3072 2048 3072 0 0 0 0 0 1024 2048 3072 1024 1024 3072 1024 2077 1085 1024 2059 3 1035 0 0 0 0 0 0 0 0 0 0 0 0 3105 0 0 0 0 0 0 0 0 0 0 
0 0 0 0 0 3105 0 0 0 0 0 0 0 0 0 2048 2048 2048 2048 2048 2048 2048 2048 2048 2048 2048 2048 2048 2048 0 0 2048 2048 114 115 3187 3186 2048 0 0 0 0 0 0 0 0 11 3083 0 2048 0 0 0 0 2048 0 61 3101 2048 0 0 0 2048 29 3133 0 0 2048 0 0 0 3072 11 2051 3 3 3 3 1035 2048 0 0 0 3072 3072 3072 11 1027 1027 1027 1027 3075 1035 2048 2048 1024 1024 3072 1024 1024 2109 1053 0 0 1057 1024 1024 1024 1024 1024 1024 0 0 0 0 0 0 3105 0 0 0 0 0 0 0 0 0 0 
0 0 0 0 0 3105 0 0 0 0 0 0 0 0 0 2048 2048 2048 2048 2048 2048 2048 2048 0 0 2048 0 0 0 0 0 114 115 3187 3186 2048 2048 2048 2048 2048 0 0 0 0 0 11 3083 0 0 2048 0 0 0 0 2048 29 3133 0 0 0 0 0 0 61 3101 0 0 2048 0 0 0 11 3083 1024 1024 1024 1024 1024 2059 1035 0 0 0 0 0 11 3083 0 0 0 0 0 2059 1035 1024 1024 1024 3072 1024 1024 2077 1085 0 0 1057 1024 1024 1024 1024 1024 1024 0 0 0 0 0 0 3105 0 0 0 0 0 0 0 0 0 0 
0 0 0 0 0 3105 0 0 0 0 0 0 0 0 11 3 3 2051 2051 2051 3 3 2051 3 2051 3 3 2051 3 2051 2051 3187 3186 2048 2048 2048 2048 2048 2048 2048 0 0 0 0 11 3083 0 0 0 2048 0 0 0 2048 0 61 3101 0 0 0 0 2048 2048 1057 2048 0 0 0 0 0 0 3105 1024 0 0 0 0 0 0 2081 0 0 0 0 0 3105 1024 1024 0 0 0 0 0 33 0 0 0 1024 1024 0 0 33 0 0 33 235 235 235 235 235 235 235 235 235 235 235 235 33 2048 0 0 0 0 0 0 0 0 0 
0 0 0 0 0 3105 0 0 0 0 0 0 0 11 3083 2048 2048 2048 2048 2048 2048 2048 2048 0 0 2048 2048 2048 0 0 2048 2048 2048 2048 2048 2048 2048 2048 2048 2048 0 0 2048 11 3083 2048 0 0 0 0 0 0 0 2048 29 3133 0 0 0 0 0 0 0 1057 0 0 0 0 0 0 0 1057 3072 2048 2048 2048 2048 0 0 2081 0 0 0 1024 1024 1057 3072 0 1024 1024 1024 1024 114 1089 1024 1024 1024 0 0 0 0 33 0 0 33 235 235 235 235 235 235 235 235 235 235 235 235 33 0 0 0 0 0 0 0 0 0 0 
0 0 0 0 0 3105 0 0 0 0 0 0 0 3105 0 0 0 0 0 0 0 0 0 0 0 0 0 0 0 0 0 0 0 0 0 0 0 2048 2048 0 0 2048 11 3083 2048 2048 0 0 0 0 0 0 0 2048 61 3101 0 0 0 0 0 0 0 3105 0 0 0 0 0 0 0 2059 1035 3072 3072 3072 3072 0 0 2081 0 0 1024 1024 1024 1057 3072 0 0 0 114 115 3187 3186 0 0 0 1024 1024 0 0 33 0 0 33 235 235 235 235 235 235 235 235 235 235 235 235 33 0 0 0 0 0 0 0 0 0 0 
0 0 0 0 0 3105 0 0 0 0 0 0 0 3105 0 0 0 0 0 0 0 0 0 0 0 0 0 0 0 0 0 0 0 0 0 0 0 2048 2048 0 2048 11 3083 0 2048 2048 0 0 0 0 0 0 0 29 3133 2048 2048 0 0 0 0 0 0 3105 0 0 0 0 0 0 0 1024 2059 3 2051 2051 2051 1035 0 2059 3 2051 3075 1027 1027 3083 0 0 0 3072 2113 3186 0 0 0 0 0 0 0 0 0 3105 0 0 3105 235 235 235 235 235 235 235 235 235 235 235 235 33 2048 0 0 0 0 0 0 0 0 0 
0 0 0 0 0 3105 0 0 0 0 0 0 0 3105 0 0 0 0 0 0 0 0 0 0 0 0 0 0 0 0 0 0 0 0 0 0 0 2048 0 2048 11 3083 2048 0 2048 2048 0 0 0 0 0 0 0 61 3101 2048 2048 0 0 0 0 0 0 3105 0 0 0 0 0 0 0 1024 2048 3072 3072 3072 3072 2059 1035 0 0 0 0 0 0 0 0 0 0 3072 1057 3072 0 0 0 0 0 0 0 0 0 33 0 0 3105 235 235 235 235 235 235 235 235 235 235 235 235 33 0 0 0 0 0 0 0 0 0 0 
0 0 0 0 0 3105 0 0 0 0 0 0 2048 1057 2048 0 0 0 0 0 0 0 0 0 0 0 0 0 0 0 0 0 0 0 0 0 0 0 114 115 3083 0 2048 2048 0 0 192 1216 0 0 0 0 52 53 3 2051 1139 1138 0 0 0 0 0 2059 1035 0 0 0 0 0 0 0 0 0 0 0 0 1024 2059 1035 0 0 0 0 0 0 0 0 0 3072 1057 3072 0 0 0 0 0 0 0 0 0 33 0 0 3105 235 235 235 235 235 1262 235 235 235 235 235 235 33 0 0 0 0 0 0 0 0 0 0 
0 0 0 0 0 3105 0 0 0 0 0 0 2048 1057 2048 0 0 0 0 11 3 2051 3 3 2051 3075 1027 1027 3075 3075 1027 1027 1035 0 0 0 114 115 3187 3186 0 0 0 0 0 0 2240 3264 0 0 0 0 0 0 0 0 2162 2163 1139 1138 3072 3072 0 1024 2059 1035 0 0 0 0 0 0 0 0 0 1024 1024 0 0 2059 1035 0 0 0 0 0 0 0 0 3072 1057 3072 0 0 0 192 1216 0 0 0 0 33 3072 0 33 235 235 235 235 235 235 235 235 235 235 235 235 33 2048 0 0 0 0 0 0 0 0 0 
0 0 0 0 0 3105 0 0 0 0 0 0 2048 2059 1035 0 0 0 11 3083 0 0 0 0 0 1024 1024 1024 1024 1024 1024 1024 2059 1035 114 115 3187 3186 0 0 0 0 0 0 0 0 0 0 0 0 0 0 0 0 0 0 3072 3072 2162 2163 1139 1138 0 0 0 2059 1035 0 0 0 0 0 0 0 0 0 3072 0 0 1024 2109 1053 0 0 0 0 0 0 0 3072 1057 3072 0 0 0 1224 200 0 0 0 0 33 3072 0 33 235 235 235 235 235 235 235 235 235 235 235 235 33 0 0 0 0 0 0 0 0 0 0 
0 0 0 0 0 2109 1053 0 0 0 0 0 2048 2048 2059 3 3 2051 3083 3072 0 0 0 0 0 1024 1024 1024 1024 1024 1024 1024 1024 2059 3187 3186 0 0 0 0 0 0 0 0 0 0 0 0 0 0 0 0 0 0 0 0 0 0 3072 3072 2162 2163 1035 0 0 0 2059 1035 0 0 0 0 0 0 1188 1187 1024 0 0 0 2077 1085 0 0 0 0 0 0 0 3072 1057 3072 0 0 0 1224 200 0 0 0 0 33 2048 1024 33 235 235 235 235 235 235 235 235 235 235 235 235 33 2048 0 0 0 0 0 0 0 0 0 
0 0 0 0 0 2077 1085 0 0 0 0 0 2048 2048 2048 0 0 0 3072 3072 0 0 0 0 0 1024 1024 1024 1024 1024 1024 1024 0 0 0 0 0 0 0 0 0 0 0 0 0 0 0 0 0 0 0 0 0 0 0 0 0 0 0 0 0 0 2059 1035 0 0 0 2059 1035 0 0 0 1024 0 2211 1189 1187 0 0 0 0 2109 1053 0 0 0 0 0 0 3072 1057 3072 0 0 0 1224 200 0 0 0 0 33 0 0 3105 235 235 235 235 235 235 235 235 235 235 235 235 33 0 0 0 0 0 0 0 0 0 0 
0 0 0 0 0 0 2109 1053 0 0 0 0 0 0 0 0 0 0 0 0 0 0 0 0 0 0 0 0 0 0 0 0 0 0 0 0 0 0 0 0 0 0 0 0 0 0 0 0 0 0 0 0 0 0 0 0 0 0 0 0 0 0 1024 2109 1053 1024 0 1024 2059 1035 0 0 1024 1024 1024 2264 1238 1233 0 0 0 2077 1085 0 0 0 0 0 0 3072 1057 3072 0 0 0 1224 200 0 0 0 0 33 0 0 3105 235 235 235 235 235 235 235 235 235 235 235 235 33 0 0 0 0 0 0 0 0 0 0 
0 0 0 0 0 0 2077 1085 0 0 0 0 0 0 0 0 0 0 0 0 0 0 192 196 196 196 196 196 196 1216 0 0 0 0 0 0 0 0 1024 3072 0 0 0 0 0 0 114 115 3 3 3 3 1139 1138 0 0 0 0 0 0 0 0 1024 2077 1085 1024 0 0 1024 2109 1053 0 0 0 3072 2257 2262 1240 3072 0 0 0 2081 0 0 0 0 0 0 3072 1057 3072 0 0 0 1224 200 0 0 0 0 33 0 0 3105 235 235 235 235 235 235 235 235 235 235 235 235 3105 0 0 0 0 0 0 0 0 0 0 
0 0 0 0 0 0 0 2059 1035 0 0 0 0 0 0 0 0 0 0 0 0 0 2240 2244 2244 2244 2244 2244 2244 3264 0 0 0 0 0 0 0 0 0 0 0 0 2048 2048 114 115 3187 3186 0 2048 2048 2048 2162 2163 1139 1138 0 0 0 0 0 0 1024 3072 2109 1053 0 1024 0 2077 1085 0 0 0 3072 3072 3272 2248 3072 0 0 0 2081 0 0 0 0 0 11 2051 3083 2048 1024 0 0 2240 3264 0 0 0 0 3105 0 0 2059 1035 0 0 0 0 0 0 0 0 0 0 11 3083 0 0 0 0 0 0 0 0 0 0 
0 0 0 0 0 0 0 0 2059 1139 1138 0 0 0 0 0 0 0 0 0 0 0 0 0 0 0 0 0 0 0 0 0 0 0 0 0 0 0 0 0 0 0 114 115 3187 3186 0 0 2048 2048 2048 2048 3072 3072 2162 2163 1035 0 0 0 0 0 1024 3072 2077 1085 0 0 0 0 2109 1053 0 0 3072 3072 3272 2248 3072 0 0 0 2081 0 0 0 0 0 1057 249 0 0 0 0 0 0 0 0 0 0 0 3105 0 0 0 2059 1035 0 0 0 0 0 0 0 0 0 3105 0 0 0 0 0 0 0 0 0 0 0 
0 0 0 0 0 0 0 0 0 2162 2163 1139 1138 0 0 0 0 0 0 0 0 0 0 0 0 1024 1024 1024 1024 1024 1024 1024 1024 1024 1024 0 0 0 2048 2048 114 115 3187 3186 2048 2048 0 0 0 0 0 0 0 0 1024 3072 2109 1053 0 0 0 0 1024 3072 3072 3105 0 0 0 0 2077 1085 0 0 3072 3072 3272 2248 3072 3072 0 0 2081 0 0 0 0 0 1057 0 0 0 0 0 0 0 0 0 0 0 1024 3105 0 0 0 0 33 0 0 0 0 0 0 0 0 0 33 0 0 0 0 0 0 0 0 0 0 0 
0 0 0 0 0 0 0 0 0 3072 3072 2162 2163 3 3 3 2051 3 1035 0 0 0 0 0 0 1024 1024 1024 1024 1024 1024 1024 1024 1024 0 0 0 0 114 115 3187 3186 2048 2048 2048 2048 0 0 0 0 0 0 0 0 0 0 2077 1085 0 0 0 0 1024 3072 3072 2081 0 0 0 0 0 2081 0 3072 3072 3072 2240 3264 3072 0 0 0 2081 0 0 0 0 0 2081 249 0 0 0 0 0 0 0 3072 3072 3072 114 1089 0 0 0 0 33 0 0 0 0 0 0 0 0 0 33 0 0 0 0 0 0 0 0 0 0 0 
0 0 0 0 0 0 0 0 0 0 0 1024 3072 0 0 0 0 0 2059 1035 0 0 0 0 0 1024 1024 1024 1024 1024 1024 1024 1024 1024 0 2048 114 115 3187 3186 2048 2048 0 0 0 0 0 0 0 0 0 0 0 0 0 0 0 3105 0 0 0 0 0 0 0 2081 0 0 0 0 0 2081 0 3072 3072 3072 3072 3072 3072 1024 0 0 2081 0 0 0 0 0 2081 0 0 0 0 0 0 0 0 3072 114 115 3187 3186 0 0 0 0 33 0 0 0 0 0 0 0 0 0 3105 0 0 0 0 0 0 0 0 0 0 0 
0 0 0 0 0 0 0 0 0 0 0 0 0 0 0 0 0 0 2048 2059 3 2051 3 3 2051 3075 1027 1027 3075 3075 1027 1027 3075 1027 2051 1027 3187 3186 0 0 0 0 0 0 0 0 0 0 0 0 0 0 0 0 0 0 0 3105 0 0 0 0 0 0 0 2081 0 0 0 0 0 2081 0 3072 3072 3072 3072 3072 1024 3072 3072 0 2081 0 0 0 0 0 2059 3 1035 0 0 0 0 0 0 2048 2113 3186 0 0 0 0 0 0 1057 1024 1024 0 0 0 0 0 0 0 33 0 0 0 0 0 0 0 0 0 0 0 
0 0 0 0 0 0 0 0 0 0 0 0 0 0 0 0 0 0 0 2048 0 0 0 0 0 1024 1024 1024 1024 1024 1024 1024 1024 1024 0 1024 2048 2048 0 0 0 0 0 0 0 0 0 0 0 0 0 0 0 0 0 11 1027 3076 0 0 0 0 0 0 0 2052 3 2051 1035 0 0 2081 0 3072 3072 0 0 0 0 1024 114 115 3138 0 0 0 0 0 0 0 33 0 0 0 0 0 0 0 33 0 0 0 0 0 0 1024 1057 1024 1024 0 0 0 0 3072 3072 29 3133 2048 0 0 0 0 0 0 0 0 0 0 
0 0 0 0 0 0 0 0 0 0 0 0 0 0 0 0 0 0 0 0 0 0 0 0 0 0 0 0 0 0 0 0 0 0 0 0 0 0 0 0 0 0 0 0 0 0 0 0 0 0 0 0 0 0 0 1057 234 234 234 234 234 234 234 234 234 234 234 234 2059 3075 3075 3083 0 3072 3072 3072 3072 3072 1024 11 3187 3186 0 0 0 0 0 0 0 3072 3105 0 0 0 0 2048 2048 2048 2059 1035 3072 3072 3072 3072 3072 11 3083 3072 3072 0 0 0 0 3072 3072 61 3101 2048 0 0 0 0 0 0 0 0 0 0 
0 0 0 0 0 0 0 0 0 0 0 0 0 0 0 0 0 0 0 0 0 0 0 0 0 0 0 0 0 0 0 0 0 0 0 0 0 0 0 0 0 0 0 0 0 0 0 0 0 0 0 0 0 0 0 1057 234 234 234 234 234 234 234 234 234 234 234 234 1024 0 0 0 0 3072 3072 3072 3072 3072 29 3133 0 2048 0 0 0 0 0 0 0 3072 2109 1053 2048 2048 0 2048 2048 1024 1024 2059 3 2051 2051 2051 2051 3083 0 0 0 3072 3072 1024 3072 3072 29 3133 2048 0 0 0 0 0 0 0 0 0 0 0 
0 0 0 0 0 0 0 0 0 0 0 0 0 0 0 0 0 0 0 0 0 0 0 0 0 0 0 0 0 0 0 0 0 0 0 0 0 0 0 0 0 0 0 0 0 0 0 0 0 0 0 0 0 0 0 3105 234 234 234 234 234 234 234 234 234 234 234 234 0 0 0 0 0 3072 3072 3072 3072 3072 61 3101 0 0 0 0 0 0 0 0 0 3072 2077 1085 2048 2048 0 2048 2048 0 1024 2048 3072 3072 3072 3072 3072 0 1024 0 1024 3072 3072 1024 3072 3072 61 3101 2048 0 0 0 0 0 0 0 0 0 0 0 
0 0 0 0 0 0 0 0 0 0 0 0 0 0 0 0 0 0 0 0 0 0 0 0 0 0 0 0 0 0 0 0 0 0 0 0 0 0 0 0 0 0 0 0 0 0 0 0 0 0 0 0 0 0 0 3105 234 234 234 234 234 234 234 234 234 234 234 234 0 0 0 0 0 3072 3072 3072 3072 0 2081 0 0 0 0 0 0 0 0 0 0 3072 2048 2109 1053 2048 0 2048 2048 0 0 2048 2048 2048 2048 2048 2048 3072 3072 0 1024 3072 3072 1024 3072 29 3133 3072 2048 0 0 0 0 0 0 0 0 0 0 0 
0 0 0 0 0 0 0 0 0 0 0 0 0 0 0 0 0 0 0 0 0 0 0 0 0 0 0 0 0 0 0 0 0 0 0 0 0 0 0 0 0 0 0 0 0 0 0 0 0 0 0 0 0 0 0 3105 234 234 234 234 234 234 234 234 234 234 234 234 0 0 0 0 0 0 0 0 3072 0 2081 0 0 0 0 0 0 0 0 0 0 3072 2048 2077 1085 2048 0 0 2048 2048 2048 2048 2048 2048 2048 2048 2048 2048 2048 0 3072 3072 1024 1024 3072 61 3101 3072 2048 0 0 0 0 0 0 0 0 0 0 0 
0 0 0 0 0 0 0 0 0 0 0 0 0 0 0 0 0 0 0 0 0 0 0 0 0 0 0 0 0 0 0 0 0 0 0 0 0 0 0 0 0 0 0 0 0 0 0 0 0 0 0 0 0 0 0 3105 234 234 234 234 234 237 234 234 234 234 234 234 0 0 192 196 196 1216 0 0 3072 0 2081 0 0 0 0 0 0 0 0 0 0 3072 0 1024 2059 1035 0 0 2048 2048 2048 2048 3072 3072 3072 3072 2048 3072 3072 0 3072 3072 1024 1024 11 3083 0 1024 2048 0 0 0 0 0 0 0 0 0 0 0 
0 0 0 0 0 0 0 0 0 0 0 0 0 0 0 0 0 0 0 0 0 0 0 0 0 0 0 0 0 0 0 0 0 0 0 0 0 0 0 0 0 0 0 0 0 0 0 0 0 0 0 0 0 0 0 3105 234 234 234 234 234 234 234 234 234 234 234 234 0 0 2240 2244 2244 3264 0 0 0 0 2081 0 0 0 0 0 0 0 0 0 0 3072 2048 2048 1024 2059 1139 1138 2048 2048 2048 2048 3072 3072 3072 3072 2048 3072 3072 0 3072 3072 114 115 3083 0 3072 3072 2048 0 0 0 0 0 0 0 0 0 0 0 
0 0 0 0 0 0 0 0 0 0 0 0 0 0 0 0 0 0 0 0 0 0 0 0 0 0 0 0 0 0 0 0 0 0 0 0 0 0 0 0 0 0 0 0 0 0 0 0 0 0 0 0 0 0 0 3105 234 234 234 234 234 234 234 234 234 234 234 234 0 0 0 0 0 0 0 0 0 0 2081 0 0 0 0 0 0 0 0 0 0 3072 2048 2048 2048 1024 2162 2163 1139 1138 2048 3072 3072 2048 3072 3072 3072 3072 2048 0 114 115 3187 3186 0 3072 3072 3072 2048 0 0 0 0 0 0 0 0 0 0 0 
0 0 0 0 0 0 0 0 0 0 0 0 0 0 0 0 0 0 0 0 0 0 0 0 0 0 0 0 0 0 0 0 0 0 0 0 0 0 0 0 0 0 0 0 0 0 0 0 0 0 0 0 0 0 0 3105 234 234 234 234 234 234 234 234 234 234 234 234 0 0 0 0 0 0 0 0 0 0 2081 0 0 0 0 0 0 0 0 0 0 3072 2048 2048 2048 2048 2048 2048 2162 2163 3075 3 3 3075 3 3 3 2051 2051 1027 3187 3186 3072 3072 3072 3072 3072 3072 2048 0 0 0 0 0 0 0 0 0 0 0 
0 0 0 0 0 0 0 0 0 0 0 0 0 0 0 0 0 0 0 0 0 0 0 0 0 0 0 0 0 0 0 0 0 0 0 0 0 0 0 0 0 0 0 0 0 0 0 0 0 0 0 0 0 0 0 3105 234 234 234 234 234 234 234 234 234 234 234 234 0 0 0 0 0 0 0 0 0 0 2081 0 0 0 0 0 0 0 0 0 0 3072 2048 2048 2048 2048 2048 2048 2048 2048 2048 2048 3072 2048 2048 3072 3072 3072 2048 2048 3072 3072 3072 3072 3072 3072 3072 3072 2048 0 0 0 0 0 0 0 0 0 0 0 
0 0 0 0 0 0 0 0 0 0 0 0 0 0 0 0 0 0 0 0 0 0 0 0 0 0 0 0 0 0 0 0 0 0 0 0 0 0 0 0 0 0 0 0 0 0 0 0 0 0 0 0 0 0 0 3105 234 234 234 234 234 234 234 234 234 234 234 234 1024 0 0 0 0 0 0 0 0 0 2081 0 0 0 0 0 0 0 0 0 0 3072 3072 3072 2048 2048 2048 2048 2048 2048 2048 2048 2048 3072 3072 3072 3072 3072 3072 3072 3072 3072 3072 3072 3072 3072 2048 2048 2048 0 0 0 0 0 0 0 0 0 0 0 
0 0 0 0 0 0 0 0 0 0 0 0 0 0 0 0 0 0 0 0 0 0 0 0 0 0 0 0 0 0 0 0 0 0 0 0 0 0 0 0 0 0 0 0 0 0 0 0 0 0 0 0 0 0 0 3105 234 234 234 234 234 234 234 234 234 234 234 234 11 1027 1027 3075 3075 3075 1027 1027 3075 3075 3083 0 0 0 0 0 0 0 0 0 0 3072 3072 3072 2048 2048 2048 2048 2048 2048 2048 2048 2048 3072 3072 3072 3072 3072 3072 0 3072 3072 3072 3072 3072 3072 2048 2048 2048 0 0 0 0 0 0 0 0 0 0 0 
0 0 0 0 0 0 0 0 0 0 0 0 0 0 0 0 0 0 0 0 0 0 0 0 0 0 0 0 0 0 0 0 0 0 0 0 0 0 0 0 0 0 0 0 0 0 0 0 0 0 0 0 0 0 0 2059 2051 3 3 2051 3075 1027 1027 3075 3075 1027 3075 3075 3083 0 0 0 0 0 0 0 0 0 0 0 0 0 0 0 0 0 0 0 0 0 0 0 0 0 0 0 0 0 0 0 0 0 0 0 0 0 0 0 0 0 0 0 0 0 0 0 0 0 0 0 0 0 0 0 0 0 0 0 
0 0 0 0 0 0 0 0 0 0 0 0 0 0 0 0 0 0 0 0 0 0 0 0 0 0 0 0 0 0 0 0 0 0 0 0 0 0 0 0 0 0 0 0 0 0 0 0 0 0 0 0 0 0 0 0 0 0 0 0 0 0 0 0 0 0 0 0 0 0 0 0 0 0 0 0 0 0 0 0 0 0 0 0 0 0 0 0 0 0 0 0 0 0 0 0 0 0 0 0 0 0 0 0 0 0 0 0 0 0 0 0 0 0 0 0 0 0 0 0 0 0 0 0 0 0 0 0 
0 0 0 0 0 0 0 0 0 0 0 0 0 0 0 0 0 0 0 0 0 0 0 0 0 0 0 0 0 0 0 0 0 0 0 0 0 0 0 0 0 0 0 0 0 0 0 0 0 0 0 0 0 0 0 0 0 0 0 0 0 0 0 0 0 0 0 0 0 0 0 0 0 0 0 0 0 0 0 0 0 0 0 0 0 0 0 0 0 0 0 0 0 0 0 0 0 0 0 0 0 0 0 0 0 0 0 0 0 0 0 0 0 0 0 0 0 0 0 0 0 0 0 0 0 0 0 0 
0 0 0 0 0 0 0 0 0 0 0 0 0 0 0 0 0 0 0 0 0 0 0 0 0 0 0 0 0 0 0 0 0 0 0 0 0 0 0 0 0 0 0 0 0 0 0 0 0 0 0 0 0 0 0 0 0 0 0 0 0 0 0 0 0 0 0 0 0 0 0 0 0 0 0 0 0 0 0 0 0 0 0 0 0 0 0 0 0 0 0 0 0 0 0 0 0 0 0 0 0 0 0 0 0 0 0 0 0 0 0 0 0 0 0 0 0 0 0 0 0 0 0 0 0 0 0 0 
0 0 0 0 0 0 0 0 0 0 0 0 0 0 0 0 0 0 0 0 0 0 0 0 0 0 0 0 0 0 0 0 0 0 0 0 0 0 0 0 0 0 0 0 0 0 0 0 0 0 0 0 0 0 0 0 0 0 0 0 0 0 0 0 0 0 0 0 0 0 0 0 0 0 0 0 0 0 0 0 0 0 0 0 0 0 0 0 0 0 0 0 0 0 0 0 0 0 0 0 0 0 0 0 0 0 0 0 0 0 0 0 0 0 0 0 0 0 0 0 0 0 0 0 0 0 0 0 
0 0 0 0 0 0 0 0 0 0 0 0 0 0 0 0 0 0 0 0 0 0 0 0 0 0 0 0 0 0 0 0 0 0 0 0 0 0 0 0 0 0 0 0 0 0 0 0 0 0 0 0 0 0 0 0 0 0 0 0 0 0 0 0 0 0 0 0 0 0 0 0 0 0 0 0 0 0 0 0 0 0 0 0 0 0 0 0 0 0 0 0 0 0 0 0 0 0 0 0 0 0 0 0 0 0 0 0 0 0 0 0 0 0 0 0 0 0 0 0 0 0 0 0 0 0 0 0 
0 0 0 0 0 0 0 0 0 0 0 0 0 0 0 0 0 0 0 0 0 0 0 0 0 0 0 0 0 0 0 0 0 0 0 0 0 0 0 0 0 0 0 0 0 0 0 0 0 0 0 0 0 0 0 0 0 0 0 0 0 0 0 0 0 0 0 0 0 0 0 0 0 0 0 0 0 0 0 0 0 0 0 0 0 0 0 0 0 0 0 0 0 0 0 0 0 0 0 0 0 0 0 0 0 0 0 0 0 0 0 0 0 0 0 0 0 0 0 0 0 0 0 0 0 0 0 0 
0 0 0 0 0 0 0 0 0 0 0 0 0 0 0 0 0 0 0 0 0 0 0 0 0 0 0 0 0 0 0 0 0 0 0 0 0 0 0 0 0 0 0 0 0 0 0 0 0 0 0 0 0 0 0 0 0 0 0 0 0 0 0 0 0 0 0 0 0 0 0 0 0 0 0 0 0 0 0 0 0 0 0 0 0 0 0 0 0 0 0 0 0 0 0 0 0 0 0 0 0 0 0 0 0 0 0 0 0 0 0 0 0 0 0 0 0 0 0 0 0 0 0 0 0 0 0 0 
0 0 0 0 0 0 0 0 0 0 0 0 0 0 0 0 0 0 0 0 0 0 0 0 0 0 0 0 0 0 0 0 0 0 0 0 0 0 0 0 0 0 0 0 0 0 0 0 0 0 0 0 0 0 0 0 0 0 0 0 0 0 0 0 0 0 0 0 0 0 0 0 0 0 0 0 0 0 0 0 0 0 0 0 0 0 0 0 0 0 0 0 0 0 0 0 0 0 0 0 0 0 0 0 0 0 0 0 0 0 0 0 0 0 0 0 0 0 0 0 0 0 0 0 0 0 0 0 
0 0 0 0 0 0 0 0 0 0 0 0 0 0 0 0 0 0 0 0 0 0 0 0 0 0 0 0 0 0 0 0 0 0 0 0 0 0 0 0 0 0 0 0 0 0 0 0 0 0 0 0 0 0 0 0 0 0 0 0 0 0 0 0 0 0 0 0 0 0 0 0 0 0 0 0 0 0 0 0 0 0 0 0 0 0 0 0 0 0 0 0 0 0 0 0 0 0 0 0 0 0 0 0 0 0 0 0 0 0 0 0 0 0 0 0 0 0 0 0 0 0 0 0 0 0 0 0 
0 0 0 0 0 0 0 0 0 0 0 0 0 0 0 0 0 0 0 0 0 0 0 0 0 0 0 0 0 0 0 0 0 0 0 0 0 0 0 0 0 0 0 0 0 0 0 0 0 0 0 0 0 0 0 0 0 0 0 0 0 0 0 0 0 0 0 0 0 0 0 0 0 0 0 0 0 0 0 0 0 0 0 0 0 0 0 0 0 0 0 0 0 0 0 0 0 0 0 0 0 0 0 0 0 0 0 0 0 0 0 0 0 0 0 0 0 0 0 0 0 0 0 0 0 0 0 0 
0 0 0 0 0 0 0 0 0 0 0 0 0 0 0 0 0 0 0 0 0 0 0 0 0 0 0 0 0 0 0 0 0 0 0 0 0 0 0 0 0 0 0 0 0 0 0 0 0 0 0 0 0 0 0 0 0 0 0 0 0 0 0 0 0 0 0 0 0 0 0 0 0 0 0 0 0 0 0 0 0 0 0 0 0 0 0 0 0 0 0 0 0 0 0 0 0 0 0 0 0 0 0 0 0 0 0 0 0 0 0 0 0 0 0 0 0 0 0 0 0 0 0 0 0 0 0 0 
0 0 0 0 0 0 0 0 0 0 0 0 0 0 0 0 0 0 0 0 0 0 0 0 0 0 0 0 0 0 0 0 0 0 0 0 0 0 0 0 0 0 0 0 0 0 0 0 0 0 0 0 0 0 0 0 0 0 0 0 0 0 0 0 0 0 0 0 0 0 0 0 0 0 0 0 0 0 0 0 0 0 0 0 0 0 0 0 0 0 0 0 0 0 0 0 0 0 0 0 0 0 0 0 0 0 0 0 0 0 0 0 0 0 0 0 0 0 0 0 0 0 0 0 0 0 0 0 
0 0 0 0 0 0 0 0 0 0 0 0 0 0 0 0 0 0 0 0 0 0 0 0 0 0 0 0 0 0 0 0 0 0 0 0 0 0 0 0 0 0 0 0 0 0 0 0 0 0 0 0 0 0 0 0 0 0 0 0 0 0 0 0 0 0 0 0 0 0 0 0 0 0 0 0 0 0 0 0 0 0 0 0 0 0 0 0 0 0 0 0 0 0 0 0 0 0 0 0 0 0 0 0 0 0 0 0 0 0 0 0 0 0 0 0 0 0 0 0 0 0 0 0 0 0 0 0 
0 0 0 0 0 0 0 0 0 0 0 0 0 0 0 0 0 0 0 0 0 0 0 0 0 0 0 0 0 0 0 0 0 0 0 0 0 0 0 0 0 0 0 0 0 0 0 0 0 0 0 0 0 0 0 0 0 0 0 0 0 0 0 0 0 0 0 0 0 0 0 0 0 0 0 0 0 0 0 0 0 0 0 0 0 0 0 0 0 0 0 0 0 0 0 0 0 0 0 0 0 0 0 0 0 0 0 0 0 0 0 0 0 0 0 0 0 0 0 0 0 0 0 0 0 0 0 0 
0 0 0 0 0 0 0 0 0 0 0 0 0 0 0 0 0 0 0 0 0 0 0 0 0 0 0 0 0 0 0 0 0 0 0 0 0 0 0 0 0 0 0 0 0 0 0 0 0 0 0 0 0 0 0 0 0 0 0 0 0 0 0 0 0 0 0 0 0 0 0 0 0 0 0 0 0 0 0 0 0 0 0 0 0 0 0 0 0 0 0 0 0 0 0 0 0 0 0 0 0 0 0 0 0 0 0 0 0 0 0 0 0 0 0 0 0 0 0 0 0 0 0 0 0 0 0 0 
0 0 0 0 0 0 0 0 0 0 0 0 0 0 0 0 0 0 0 0 0 0 0 0 0 0 0 0 0 0 0 0 0 0 0 0 0 0 0 0 0 0 0 0 0 0 0 0 0 0 0 0 0 0 0 0 0 0 0 0 0 0 0 0 0 0 0 0 0 0 0 0 0 0 0 0 0 0 0 0 0 0 0 0 0 0 0 0 0 0 0 0 0 0 0 0 0 0 0 0 0 0 0 0 0 0 0 0 0 0 0 0 0 0 0 0 0 0 0 0 0 0 0 0 0 0 0 0 
0 0 0 0 0 0 0 0 0 0 0 0 0 0 0 0 0 0 0 0 0 0 0 0 0 0 0 0 0 0 0 0 0 0 0 0 0 0 0 0 0 0 0 0 0 0 0 0 0 0 0 0 0 0 0 0 0 0 0 0 0 0 0 0 0 0 0 0 0 0 0 0 0 0 0 0 0 0 0 0 0 0 0 0 0 0 0 0 0 0 0 0 0 0 0 0 0 0 0 0 0 0 0 0 0 0 0 0 0 0 0 0 0 0 0 0 0 0 0 0 0 0 0 0 0 0 0 0 
0 0 0 0 0 0 0 0 0 0 0 0 0 0 0 0 0 0 0 0 0 0 0 0 0 0 0 0 0 0 0 0 0 0 0 0 0 0 0 0 0 0 0 0 0 0 0 0 0 0 0 0 0 0 0 0 0 0 0 0 0 0 0 0 0 0 0 0 0 0 0 0 0 0 0 0 0 0 0 0 0 0 0 0 0 0 0 0 0 0 0 0 0 0 0 0 0 0 0 0 0 0 0 0 0 0 0 0 0 0 0 0 0 0 0 0 0 0 0 0 0 0 0 0 0 0 0 0 
0 0 0 0 0 0 0 0 0 0 0 0 0 0 0 0 0 0 0 0 0 0 0 0 0 0 0 0 0 0 0 0 0 0 0 0 0 0 0 0 0 0 0 0 0 0 0 0 0 0 0 0 0 0 0 0 0 0 0 0 0 0 0 0 0 0 0 0 0 0 0 0 0 0 0 0 0 0 0 0 0 0 0 0 0 0 0 0 0 0 0 0 0 0 0 0 0 0 0 0 0 0 0 0 0 0 0 0 0 0 0 0 0 0 0 0 0 0 0 0 0 0 0 0 0 0 0 0 
0 0 0 0 0 0 0 0 0 0 0 0 0 0 0 0 0 0 0 0 0 0 0 0 0 0 0 0 0 0 0 0 0 0 0 0 0 0 0 0 0 0 0 0 0 0 0 0 0 0 0 0 0 0 0 0 0 0 0 0 0 0 0 0 0 0 0 0 0 0 0 0 0 0 0 0 0 0 0 0 0 0 0 0 0 0 0 0 0 0 0 0 0 0 0 0 0 0 0 0 0 0 0 0 0 0 0 0 0 0 0 0 0 0 0 0 0 0 0 0 0 0 0 0 0 0 0 0 
0 0 0 0 0 0 0 0 0 0 0 0 0 0 0 0 0 0 0 0 0 0 0 0 0 0 0 0 0 0 0 0 0 0 0 0 0 0 0 0 0 0 0 0 0 0 0 0 0 0 0 0 0 0 0 0 0 0 0 0 0 0 0 0 0 0 0 0 0 0 0 0 0 0 0 0 0 0 0 0 0 0 0 0 0 0 0 0 0 0 0 0 0 0 0 0 0 0 0 0 0 0 0 0 0 0 0 0 0 0 0 0 0 0 0 0 0 0 0 0 0 0 0 0 0 0 0 0 
0 0 0 0 0 0 0 0 0 0 0 0 0 0 0 0 0 0 0 0 0 0 0 0 0 0 0 0 0 0 0 0 0 0 0 0 0 0 0 0 0 0 0 0 0 0 0 0 0 0 0 0 0 0 0 0 0 0 0 0 0 0 0 0 0 0 0 0 0 0 0 0 0 0 0 0 0 0 0 0 0 0 0 0 0 0 0 0 0 0 0 0 0 0 0 0 0 0 0 0 0 0 0 0 0 0 0 0 0 0 0 0 0 0 0 0 0 0 0 0 0 0 0 0 0 0 0 0 
0 0 0 0 0 0 0 0 0 0 0 0 0 0 0 0 0 0 0 0 0 0 0 0 0 0 0 0 0 0 0 0 0 0 0 0 0 0 0 0 0 0 0 0 0 0 0 0 0 0 0 0 0 0 0 0 0 0 0 0 0 0 0 0 0 0 0 0 0 0 0 0 0 0 0 0 0 0 0 0 0 0 0 0 0 0 0 0 0 0 0 0 0 0 0 0 0 0 0 0 0 0 0 0 0 0 0 0 0 0 0 0 0 0 0 0 0 0 0 0 0 0 0 0 0 0 0 0 
0 0 0 0 0 0 0 0 0 0 0 0 0 0 0 0 0 0 0 0 0 0 0 0 0 0 0 0 0 0 0 0 0 0 0 0 0 0 0 0 0 0 0 0 0 0 0 0 0 0 0 0 0 0 0 0 0 0 0 0 0 0 0 0 0 0 0 0 0 0 0 0 0 0 0 0 0 0 0 0 0 0 0 0 0 0 0 0 0 0 0 0 0 0 0 0 0 0 0 0 0 0 0 0 0 0 0 0 0 0 0 0 0 0 0 0 0 0 0 0 0 0 0 0 0 0 0 0 
0 0 0 0 0 0 0 0 0 0 0 0 0 0 0 0 0 0 0 0 0 0 0 0 0 0 0 0 0 0 0 0 0 0 0 0 0 0 0 0 0 0 0 0 0 0 0 0 0 0 0 0 0 0 0 0 0 0 0 0 0 0 0 0 0 0 0 0 0 0 0 0 0 0 0 0 0 0 0 0 0 0 0 0 0 0 0 0 0 0 0 0 0 0 0 0 0 0 0 0 0 0 0 0 0 0 0 0 0 0 0 0 0 0 0 0 0 0 0 0 0 0 0 0 0 0 0 0 
0 0 0 0 0 0 0 0 0 0 0 0 0 0 0 0 0 0 0 0 0 0 0 0 0 0 0 0 0 0 0 0 0 0 0 0 0 0 0 0 0 0 0 0 0 0 0 0 0 0 0 0 0 0 0 0 0 0 0 0 0 0 0 0 0 0 0 0 0 0 0 0 0 0 0 0 0 0 0 0 0 0 0 0 0 0 0 0 0 0 0 0 0 0 0 0 0 0 0 0 0 0 0 0 0 0 0 0 0 0 0 0 0 0 0 0 0 0 0 0 0 0 0 0 0 0 0 0 
0 0 0 0 0 0 0 0 0 0 0 0 0 0 0 0 0 0 0 0 0 0 0 0 0 0 0 0 0 0 0 0 0 0 0 0 0 0 0 0 0 0 0 0 0 0 0 0 0 0 0 0 0 0 0 0 0 0 0 0 0 0 0 0 0 0 0 0 0 0 0 0 0 0 0 0 0 0 0 0 0 0 0 0 0 0 0 0 0 0 0 0 0 0 0 0 0 0 0 0 0 0 0 0 0 0 0 0 0 0 0 0 0 0 0 0 0 0 0 0 0 0 0 0 0 0 0 0 
0 0 0 0 0 0 0 0 0 0 0 0 0 0 0 0 0 0 0 0 0 0 0 0 0 0 0 0 0 0 0 0 0 0 0 0 0 0 0 0 0 0 0 0 0 0 0 0 0 0 0 0 0 0 0 0 0 0 0 0 0 0 0 0 0 0 0 0 0 0 0 0 0 0 0 0 0 0 0 0 0 0 0 0 0 0 0 0 0 0 0 0 0 0 0 0 0 0 0 0 0 0 0 0 0 0 0 0 0 0 0 0 0 0 0 0 0 0 0 0 0 0 0 0 0 0 0 0 
0 0 0 0 0 0 0 0 0 0 0 0 0 0 0 0 0 0 0 0 0 0 0 0 0 0 0 0 0 0 0 0 0 0 0 0 0 0 0 0 0 0 0 0 0 0 0 0 0 0 0 0 0 0 0 0 0 0 0 0 0 0 0 0 0 0 0 0 0 0 0 0 0 0 0 0 0 0 0 0 0 0 0 0 0 0 0 0 0 0 0 0 0 0 0 0 0 0 0 0 0 0 0 0 0 0 0 0 0 0 0 0 0 0 0 0 0 0 0 0 0 0 0 0 0 0 0 0 
0 0 0 0 0 0 0 0 0 0 0 0 0 0 0 0 0 0 0 0 0 0 0 0 0 0 0 0 0 0 0 0 0 0 0 0 0 0 0 0 0 0 0 0 0 0 0 0 0 0 0 0 0 0 0 0 0 0 0 0 0 0 0 0 0 0 0 0 0 0 0 0 0 0 0 0 0 0 0 0 0 0 0 0 0 0 0 0 0 0 0 0 0 0 0 0 0 0 0 0 0 0 0 0 0 0 0 0 0 0 0 0 0 0 0 0 0 0 0 0 0 0 0 0 0 0 0 0 
0 0 0 0 0 0 0 0 0 0 0 0 0 0 0 0 0 0 0 0 0 0 0 0 0 0 0 0 0 0 0 0 0 0 0 0 0 0 0 0 0 0 0 0 0 0 0 0 0 0 0 0 0 0 0 0 0 0 0 0 0 0 0 0 0 0 0 0 0 0 0 0 0 0 0 0 0 0 0 0 0 0 0 0 0 0 0 0 0 0 0 0 0 0 0 0 0 0 0 0 0 0 0 0 0 0 0 0 0 0 0 0 0 0 0 0 0 0 0 0 0 0 0 0 0 0 0 0 
0 0 0 0 0 0 0 0 0 0 0 0 0 0 0 0 0 0 0 0 0 0 0 0 0 0 0 0 0 0 0 0 0 0 0 0 0 0 0 0 0 0 0 0 0 0 0 0 0 0 0 0 0 0 0 0 0 0 0 0 0 0 0 0 0 0 0 0 0 0 0 0 0 0 0 0 0 0 0 0 0 0 0 0 0 0 0 0 0 0 0 0 0 0 0 0 0 0 0 0 0 0 0 0 0 0 0 0 0 0 0 0 0 0 0 0 0 0 0 0 0 0 0 0 0 0 0 0 
0 0 0 0 0 0 0 0 0 0 0 0 0 0 0 0 0 0 0 0 0 0 0 0 0 0 0 0 0 0 0 0 0 0 0 0 0 0 0 0 0 0 0 0 0 0 0 0 0 0 0 0 0 0 0 0 0 0 0 0 0 0 0 0 0 0 0 0 0 0 0 0 0 0 0 0 0 0 0 0 0 0 0 0 0 0 0 0 0 0 0 0 0 0 0 0 0 0 0 0 0 0 0 0 0 0 0 0 0 0 0 0 0 0 0 0 0 0 0 0 0 0 0 0 0 0 0 0 
0 0 0 0 0 0 0 0 0 0 0 0 0 0 0 0 0 0 0 0 0 0 0 0 0 0 0 0 0 0 0 0 0 0 0 0 0 0 0 0 0 0 0 0 0 0 0 0 0 0 0 0 0 0 0 0 0 0 0 0 0 0 0 0 0 0 0 0 0 0 0 0 0 0 0 0 0 0 0 0 0 0 0 0 0 0 0 0 0 0 0 0 0 0 0 0 0 0 0 0 0 0 0 0 0 0 0 0 0 0 0 0 0 0 0 0 0 0 0 0 0 0 0 0 0 0 0 0 
0 0 0 0 0 0 0 0 0 0 0 0 0 0 0 0 0 0 0 0 0 0 0 0 0 0 0 0 0 0 0 0 0 0 0 0 0 0 0 0 0 0 0 0 0 0 0 0 0 0 0 0 0 0 0 0 0 0 0 0 0 0 0 0 0 0 0 0 0 0 0 0 0 0 0 0 0 0 0 0 0 0 0 0 0 0 0 0 0 0 0 0 0 0 0 0 0 0 0 0 0 0 0 0 0 0 0 0 0 0 0 0 0 0 0 0 0 0 0 0 0 0 0 0 0 0 0 0 
0 0 0 0 0 0 0 0 0 0 0 0 0 0 0 0 0 0 0 0 0 0 0 0 0 0 0 0 0 0 0 0 0 0 0 0 0 0 0 0 0 0 0 0 0 0 0 0 0 0 0 0 0 0 0 0 0 0 0 0 0 0 0 0 0 0 0 0 0 0 0 0 0 0 0 0 0 0 0 0 0 0 0 0 0 0 0 0 0 0 0 0 0 0 0 0 0 0 0 0 0 0 0 0 0 0 0 0 0 0 0 0 0 0 0 0 0 0 0 0 0 0 0 0 0 0 0 0 
0 0 0 0 0 0 0 0 0 0 0 0 0 0 0 0 0 0 0 0 0 0 0 0 0 0 0 0 0 0 0 0 0 0 0 0 0 0 0 0 0 0 0 0 0 0 0 0 0 0 0 0 0 0 0 0 0 0 0 0 0 0 0 0 0 0 0 0 0 0 0 0 0 0 0 0 0 0 0 0 0 0 0 0 0 0 0 0 0 0 0 0 0 0 0 0 0 0 0 0 0 0 0 0 0 0 0 0 0 0 0 0 0 0 0 0 0 0 0 0 0 0 0 0 0 0 0 0 
0 0 0 0 0 0 0 0 0 0 0 0 0 0 0 0 0 0 0 0 0 0 0 0 0 0 0 0 0 0 0 0 0 0 0 0 0 0 0 0 0 0 0 0 0 0 0 0 0 0 0 0 0 0 0 0 0 0 0 0 0 0 0 0 0 0 0 0 0 0 0 0 0 0 0 0 0 0 0 0 0 0 0 0 0 0 0 0 0 0 0 0 0 0 0 0 0 0 0 0 0 0 0 0 0 0 0 0 0 0 0 0 0 0 0 0 0 0 0 0 0 0 0 0 0 0 0 0 
0 0 0 0 0 0 0 0 0 0 0 0 0 0 0 0 0 0 0 0 0 0 0 0 0 0 0 0 0 0 0 0 0 0 0 0 0 0 0 0 0 0 0 0 0 0 0 0 0 0 0 0 0 0 0 0 0 0 0 0 0 0 0 0 0 0 0 0 0 0 0 0 0 0 0 0 0 0 0 0 0 0 0 0 0 0 0 0 0 0 0 0 0 0 0 0 0 0 0 0 0 0 0 0 0 0 0 0 0 0 0 0 0 0 0 0 0 0 0 0 0 0 0 0 0 0 0 0 
0 0 0 0 0 0 0 0 0 0 0 0 0 0 0 0 0 0 0 0 0 0 0 0 0 0 0 0 0 0 0 0 0 0 0 0 0 0 0 0 0 0 0 0 0 0 0 0 0 0 0 0 0 0 0 0 0 0 0 0 0 0 0 0 0 0 0 0 0 0 0 0 0 0 0 0 0 0 0 0 0 0 0 0 0 0 0 0 0 0 0 0 0 0 0 0 0 0 0 0 0 0 0 0 0 0 0 0 0 0 0 0 0 0 0 0 0 0 0 0 0 0 0 0 0 0 0 0 
